iteration NAG_barzilai-borwein_time_X NAG_barzilai-borwein_time_Y NAG_barzilai-borwein_objective_X NAG_barzilai-borwein_objective_Y NAG_barzilai-borwein_hpwl_X NAG_barzilai-borwein_hpwl_Y NAG_barzilai-borwein_euclidean_norm_X NAG_barzilai-borwein_euclidean_norm_Y
0 1.0999999999999996 1.0999999999999996 0.38115 0.1796 0.51359 0.22962 0.029735969999999997 0.018976245
1 2.1000000000000014 2.1000000000000014 0.35077 0.15632 0.58667 0.23684 0.09520585 0.02740301
2 3.1000000000000014 3.1000000000000014 0.37063 0.14421 0.73919 0.26562 0.070677095 0.0480287375
3 4.100000000000001 4.100000000000001 0.33999 0.13859 0.63681 0.30797 0.027708295 0.0246434825
4 5.100000000000001 5.100000000000001 0.3203 0.12782 0.55456 0.26253 0.01720157 0.012790794999999999
5 6.100000000000001 6.100000000000001 0.31518 0.12281 0.52357 0.24356 0.01192738 0.0110665175
6 7.100000000000001 7.100000000000001 0.31196 0.11975 0.51189 0.24029 0.010784862499999999 0.0103977425
7 8.0 8.0 0.30946 0.11719 0.50687 0.23951 0.010208057500000001 0.01002125
8 9.0 9.0 0.30718 0.11481 0.50406 0.2397 0.009833489999999999 0.0097424325
9 10.0 10.0 0.30482 0.11219 0.50203 0.24071 0.00973597 0.009866809999999998
10 11.0 11.0 0.30214 0.10936 0.5013 0.24264 0.0094934175 0.009136215
11 12.0 12.0 0.29947 0.10669 0.50156 0.24354 0.009075822499999999 0.008661545
12 12.899999999999999 12.899999999999999 0.29692 0.10423 0.5019 0.2446 0.00886734 0.008361145
13 13.899999999999999 13.899999999999999 0.29446 0.10188 0.5026 0.24604 0.0086960925 0.008167265
14 14.899999999999999 14.899999999999999 0.29192 0.09942 0.5034 0.24794 0.008703612500000001 0.008255375
15 15.8 15.8 0.2891 0.09691 0.50456 0.25022 0.008479364999999999 0.0075880425
16 16.9 16.9 0.28629 0.09451 0.50554 0.25177 0.0081042725 0.0071477649999999995
17 17.799999999999997 17.799999999999997 0.28359 0.09228 0.50641 0.25344 0.0079030325 0.006868165000000001
18 18.799999999999997 18.799999999999997 0.28096 0.09016 0.5076 0.2554 0.0077589175 0.0067436150000000005
19 19.700000000000003 19.700000000000003 0.2783 0.08804 0.50904 0.25773 0.007767565000000001 0.00670181
20 20.700000000000003 20.700000000000003 0.27553 0.08597 0.51079 0.26014 0.007513927500000001 0.0061525074999999995
21 21.700000000000003 21.700000000000003 0.27279 0.08402 0.51229 0.26212 0.00720944 0.0057939875
22 22.6 22.6 0.27015 0.0822 0.51374 0.26422 0.0070278400000000005 0.005567755
23 23.700000000000003 23.700000000000003 0.26757 0.08047 0.51539 0.26652 0.006919442499999999 0.0055015
24 24.700000000000003 24.700000000000003 0.26499 0.0788 0.51726 0.26907 0.0068925925 0.00534749
25 25.700000000000003 25.700000000000003 0.26239 0.07721 0.51928 0.27154 0.006640505 0.004941
26 26.700000000000003 26.700000000000003 0.25984 0.07571 0.5211 0.27381 0.006400555 0.00467532
27 27.700000000000003 27.700000000000003 0.25737 0.07432 0.52294 0.27616 0.006247555 0.004519157500000001
28 28.700000000000003 28.700000000000003 0.25496 0.07301 0.52495 0.27866 0.00617183 0.004467702499999999
29 29.700000000000003 29.700000000000003 0.25257 0.07176 0.52712 0.28129 0.00609741 0.0042772949999999995
30 30.6 30.6 0.25021 0.07058 0.52933 0.28381 0.00587204 0.0039983275
31 31.6 31.6 0.2479 0.06948 0.53142 0.28625 0.0056847875 0.0038152725
32 32.6 32.6 0.24567 0.06845 0.53358 0.28878 0.0055688125 0.0037163300000000003
33 33.7 33.6 0.24349 0.06748 0.53585 0.2914 0.005513147499999999 0.0036526375
34 34.6 34.7 0.24135 0.06656 0.53825 0.29408 0.00541359 0.0034806425
35 35.7 35.8 0.23925 0.0657 0.54062 0.29666 0.0052455025 0.0032929175
36 36.7 36.8 0.2372 0.06489 0.54295 0.29923 0.0051166499999999995 0.003169025
37 37.7 37.8 0.23521 0.06414 0.54532 0.30182 0.00503679 0.0030997825
38 38.7 38.8 0.23326 0.06342 0.54781 0.30446 0.004981004999999999 0.0030234100000000002
39 39.8 39.9 0.23135 0.06275 0.55032 0.30707 0.0048735275 0.0028845900000000002
40 40.8 40.9 0.22947 0.06212 0.55282 0.30964 0.0047356475 0.0027547275
41 41.8 41.9 0.22764 0.06153 0.55528 0.31216 0.0046267725 0.0026678625
42 42.8 43.0 0.22586 0.06097 0.5578 0.31472 0.0045524775 0.0026097825000000003
43 43.8 44.0 0.22412 0.06044 0.56034 0.31725 0.0044802 0.002531845
44 44.8 45.0 0.22241 0.05994 0.56292 0.31978 0.004366262500000001 0.002425225
45 45.8 46.0 0.22075 0.05947 0.56545 0.32224 0.0042457575 0.0023338575
46 46.9 47.0 0.21915 0.05903 0.568 0.3247 0.0041547525 0.0022706775
47 47.9 48.0 0.21759 0.05862 0.57056 0.32714 0.0040896825000000005 0.0022187875
48 49.0 49.1 0.21607 0.05822 0.57316 0.32957 0.0040156325 0.0021495950000000002
49 50.0 50.099999999999994 0.2146 0.05785 0.57572 0.33194 0.00391878 0.00207102
50 51.0 51.099999999999994 0.21318 0.0575 0.57829 0.33428 0.0038313074999999997 0.0020067925
51 52.0 52.2 0.2118 0.05717 0.58084 0.33657 0.00376945 0.0019597075
52 53.099999999999994 53.2 0.21047 0.05685 0.58342 0.33885 0.0037203974999999996 0.001914705
53 54.0 54.3 0.20917 0.05655 0.586 0.34108 0.00365776 0.00185934
54 55.0 55.3 0.20791 0.05627 0.58856 0.34327 0.0035842725 0.0018036575
55 56.099999999999994 56.3 0.20668 0.056 0.59108 0.3454 0.00351382 0.0017593775
56 57.099999999999994 57.3 0.20549 0.05574 0.59361 0.3475 0.003463175 0.0017243900000000001
57 58.099999999999994 58.3 0.20433 0.0555 0.59611 0.34955 0.0034204075 0.0016884349999999998
58 59.099999999999994 59.3 0.20319 0.05526 0.59861 0.35158 0.00336621 0.0016479025
59 60.099999999999994 60.3 0.20209 0.05504 0.60107 0.35354 0.0033027075 0.001610395
60 61.099999999999994 61.3 0.20101 0.05482 0.60351 0.35548 0.00324654 0.00158042
61 62.099999999999994 62.3 0.19996 0.05462 0.60593 0.35735 0.0032019575 0.0015546575
62 63.099999999999994 63.3 0.19894 0.05442 0.60834 0.35919 0.0031584925 0.00152723
63 64.1 64.3 0.19794 0.05422 0.61072 0.36096 0.0031067725 0.0014983575
64 65.1 65.3 0.19697 0.05404 0.61307 0.3627 0.0030529825000000003 0.0014723124999999999
65 66.1 66.3 0.19602 0.05386 0.61538 0.36437 0.0030069849999999998 0.0014503925
66 67.1 67.3 0.1951 0.05368 0.61769 0.36601 0.0029678975 0.001429675
67 68.1 68.3 0.19419 0.05351 0.61995 0.36759 0.0029275475 0.0014076450000000001
68 69.1 69.3 0.19332 0.05334 0.6222 0.36912 0.0028821750000000003 0.0013853925
69 70.1 70.3 0.19246 0.05318 0.6244 0.3706 0.0028376524999999997 0.0013652625
70 71.1 71.4 0.19162 0.05302 0.62659 0.37204 0.00279822 0.00134717
71 72.1 72.4 0.19081 0.05286 0.62874 0.37343 0.0027613175000000003 0.0013293275
72 73.1 73.4 0.19001 0.0527 0.63087 0.37478 0.0027212675 0.0013107975
73 74.1 74.3 0.18924 0.05255 0.63296 0.37608 0.0026781649999999997 0.00129272
74 75.1 75.3 0.18848 0.0524 0.63502 0.37734 0.0026363275 0.001276075
75 76.1 76.3 0.18775 0.05225 0.63703 0.37855 0.00259802 0.0012604625000000001
76 77.1 77.3 0.18703 0.0521 0.63904 0.37973 0.0025605075 0.0012447375
77 78.1 78.3 0.18634 0.05196 0.64099 0.38086 0.0025215225 0.0012287600000000002
78 79.1 79.3 0.18566 0.05182 0.64294 0.38195 0.0024825125 0.0012132199999999999
79 80.1 80.3 0.185 0.05167 0.64485 0.383 0.002446875 0.0011985275
80 81.1 81.3 0.18436 0.05153 0.64675 0.38402 0.00241454 0.00118416
81 82.1 82.3 0.18375 0.05139 0.6486 0.385 0.00238332 0.0011695949999999998
82 83.1 83.3 0.18315 0.05125 0.65043 0.38596 0.002351675 0.0011549025
83 84.1 84.3 0.18256 0.05111 0.65222 0.38689 0.00232112 0.00114059
84 85.1 85.3 0.182 0.05098 0.65401 0.38779 0.0022925775000000002 0.0011267125
85 86.1 86.3 0.18145 0.05084 0.65576 0.38865 0.0022654325 0.0011129599999999999
86 87.1 87.3 0.18091 0.0507 0.65751 0.3895 0.00223782 0.001099075
87 88.1 88.3 0.1804 0.05057 0.65921 0.39031 0.0022098749999999996 0.001085285
88 89.1 89.3 0.17989 0.05044 0.6609 0.3911 0.00218263 0.0010718375
89 90.1 90.3 0.1794 0.0503 0.66255 0.39187 0.002157075 0.0010587375
90 91.1 91.3 0.17893 0.05017 0.66419 0.39261 0.0021325075 0.0010457275
91 92.1 92.3 0.17847 0.05004 0.6658 0.39332 0.0021086900000000003 0.001032785
92 93.0 93.3 0.17802 0.04991 0.66739 0.39401 0.002085915 0.00102005
93 94.0 94.3 0.17758 0.04978 0.66894 0.39468 0.0020652599999999998 0.0010077
94 95.0 95.3 0.17715 0.04965 0.67048 0.39533 0.0020465525000000003 0.00099563
95 96.0 96.3 0.17674 0.04953 0.67198 0.39595 0.0020293125 0.0009837399999999999
96 97.0 97.3 0.17633 0.0494 0.67347 0.39656 0.00201254 0.0009720175
97 98.1 98.3 0.17593 0.04927 0.67493 0.39714 0.00199813 0.00096062
98 99.1 99.3 0.17554 0.04915 0.67638 0.3977 0.00198187 0.0009495625
99 100.1 100.3 0.17515 0.04903 0.6778 0.39824 0.00196501 0.0009387950000000001
100 101.1 101.3 0.17477 0.0489 0.6792 0.39877 0.0019488650000000001 0.000928215
101 102.1 102.4 0.1744 0.04878 0.68057 0.39927 0.0019327475 0.0009178775000000001
102 103.2 103.4 0.17403 0.04866 0.68193 0.39976 0.00191463 0.0009078175000000001
103 104.2 104.4 0.17367 0.04854 0.68325 0.40023 0.001894455 0.000898045
104 105.2 105.4 0.17331 0.04842 0.68457 0.40068 0.0018736475 0.000888455
105 106.2 106.4 0.17296 0.04831 0.68585 0.40112 0.0018534649999999999 0.0008790299999999999
106 107.2 107.4 0.17261 0.04819 0.68712 0.40155 0.0018339175000000002 0.000869765
107 108.2 108.5 0.17226 0.04808 0.68837 0.40197 0.0018149675 0.0008606975
108 109.2 109.5 0.17192 0.04796 0.68962 0.40237 0.00179331 0.0008517749999999999
109 110.3 110.5 0.17158 0.04785 0.69083 0.40277 0.0017726424999999998 0.0008429675
110 111.3 111.5 0.17124 0.04773 0.69204 0.40315 0.001752575 0.0008342325
111 112.3 112.5 0.17091 0.04762 0.69323 0.40353 0.00173378 0.0008256175
112 113.3 113.5 0.17058 0.04751 0.69441 0.40389 0.00171429 0.0008171049999999999
113 114.30000000000001 114.5 0.17025 0.0474 0.69557 0.40425 0.001693615 0.0008086975
114 115.30000000000001 115.5 0.16993 0.04729 0.69673 0.4046 0.00167256 0.0008003525
115 116.30000000000001 116.5 0.16961 0.04718 0.69787 0.40495 0.0016524075 0.0007921
116 117.30000000000001 117.5 0.16929 0.04708 0.69901 0.40529 0.0016330125 0.00078394
117 118.4 118.5 0.16898 0.04697 0.70014 0.40563 0.001613885 0.0007759
118 119.4 119.5 0.16867 0.04686 0.70126 0.40596 0.0015953525 0.0007679525000000001
119 120.4 120.6 0.16836 0.04676 0.70236 0.40629 0.0015819775 0.000760115
120 121.4 121.6 0.16806 0.04665 0.70346 0.40662 0.00156201 0.0007523825
121 122.4 122.6 0.16775 0.04655 0.70454 0.40695 0.0015404199999999998 0.0007447924999999999
122 123.4 123.6 0.16746 0.04645 0.70561 0.40727 0.001524845 0.000737325
123 124.4 124.6 0.16716 0.04635 0.70667 0.40759 0.0015131575 0.0007299925
124 125.4 125.6 0.16687 0.04625 0.70773 0.40792 0.0014991625 0.0007227749999999999
125 126.4 126.6 0.16658 0.04615 0.70876 0.40825 0.0014808525 0.0007157
126 127.5 127.6 0.16629 0.04605 0.70979 0.40857 0.001462845 0.0007087475
127 128.5 128.7 0.166 0.04595 0.71081 0.4089 0.0014480699999999999 0.000701925
128 129.5 129.7 0.16572 0.04586 0.71182 0.40923 0.0014342725 0.0006952025
129 130.6 130.7 0.16544 0.04576 0.71283 0.40956 0.0014178975 0.0006885875
130 131.6 131.7 0.16516 0.04567 0.71383 0.40989 0.0013993675 0.0006820575
131 132.6 132.7 0.16489 0.04557 0.71482 0.41023 0.0013821274999999999 0.0006756175
132 133.6 133.8 0.16461 0.04548 0.71582 0.41057 0.00136717 0.0006692325
133 134.7 134.8 0.16434 0.04539 0.7168 0.41091 0.001352595 0.0006629025
134 135.7 135.8 0.16408 0.0453 0.71779 0.41126 0.0013366225000000002 0.000656605
135 136.8 136.8 0.16381 0.04521 0.71877 0.41161 0.0013205575000000002 0.0006503475
136 137.8 137.8 0.16355 0.04512 0.71975 0.41196 0.0013062575 0.0006441050000000001
137 138.8 138.8 0.16329 0.04503 0.72071 0.41232 0.0012936775 0.0006378825
138 139.7 139.7 0.16303 0.04494 0.72168 0.41268 0.00128111 0.0006316625
139 140.8 140.8 0.16278 0.04485 0.72264 0.41305 0.0012679800000000001 0.0006254575
140 141.7 141.7 0.16253 0.04477 0.7236 0.41341 0.0012552574999999998 0.0006192625
141 142.7 142.7 0.16228 0.04468 0.72455 0.41379 0.00124384 0.0006130875
142 143.7 143.7 0.16203 0.0446 0.72551 0.41416 0.0012331075 0.000606925
143 144.7 144.7 0.16179 0.04451 0.72646 0.41455 0.001222125 0.0006007975
144 145.7 145.7 0.16154 0.04443 0.72742 0.41493 0.0012108099999999999 0.0005947
145 146.7 146.7 0.1613 0.04435 0.72837 0.41533 0.0011999774999999998 0.0005886525
146 147.7 147.7 0.16107 0.04427 0.72933 0.41572 0.0011898375000000002 0.0005826550000000001
147 148.7 148.7 0.16083 0.04419 0.73028 0.41612 0.0011799125 0.000576725
148 149.7 149.7 0.1606 0.04411 0.73123 0.41653 0.0011696475 0.0005708575
149 150.8 150.7 0.16037 0.04403 0.73218 0.41694 0.0011592899999999999 0.0005650725
150 151.8 151.8 0.16014 0.04395 0.73314 0.41736 0.0011492199999999998 0.0005593675
151 152.8 152.8 0.15991 0.04387 0.7341 0.41778 0.001139485 0.0005537525
152 153.8 153.8 0.15968 0.0438 0.73506 0.4182 0.00112964 0.0005482225
153 154.8 154.8 0.15946 0.04372 0.73601 0.41864 0.0011195699999999999 0.0005427874999999999
154 155.9 155.8 0.15924 0.04365 0.73698 0.41907 0.00110947 0.0005374375
155 156.9 156.9 0.15902 0.04358 0.73794 0.41951 0.001099645 0.0005321825
156 157.8 157.8 0.1588 0.0435 0.73891 0.41996 0.00108997 0.0005270025
157 158.9 158.8 0.15858 0.04343 0.73987 0.42041 0.0010802775 0.0005219075
158 159.9 159.8 0.15836 0.04336 0.74085 0.42086 0.0010705175 0.0005168825
159 161.0 160.9 0.15815 0.04329 0.74182 0.42133 0.001060935 0.0005119325
160 162.0 161.9 0.15794 0.04322 0.74281 0.42179 0.0010515825 0.00050704
161 163.0 162.9 0.15773 0.04316 0.74379 0.42226 0.0010423849999999998 0.0005022075
162 164.1 164.0 0.15752 0.04309 0.74478 0.42272 0.00103316 0.0004974199999999999
163 165.2 165.0 0.15731 0.04302 0.74577 0.4232 0.0010239799999999999 0.000492685
164 166.2 166.1 0.15711 0.04296 0.74676 0.42367 0.00101491 0.000487985
165 167.2 167.1 0.1569 0.04289 0.74776 0.42415 0.00100599 0.00048332750000000004
166 168.2 168.1 0.1567 0.04283 0.74877 0.42463 0.000997075 0.00047870000000000003
167 169.3 169.2 0.1565 0.04276 0.74977 0.42512 0.0009881375 0.00047410999999999997
168 170.3 170.2 0.1563 0.0427 0.75079 0.42561 0.0009791925 0.000469545
169 171.3 171.2 0.15611 0.04264 0.7518 0.4261 0.0009703325 0.0004650175
170 172.4 172.2 0.15591 0.04258 0.75283 0.42659 0.0009615 0.00046051750000000003
171 173.4 173.2 0.15572 0.04252 0.75385 0.42709 0.0009526675 0.00045605499999999997
172 174.4 174.2 0.15553 0.04246 0.75488 0.42758 0.0009437775000000001 0.00045161750000000003
173 175.4 175.2 0.15534 0.0424 0.75592 0.42808 0.000934915 0.0004472225
174 176.5 176.2 0.15515 0.04234 0.75695 0.42858 0.00092607 0.00044286
175 177.5 177.2 0.15496 0.04229 0.75799 0.42908 0.0009172424999999999 0.00043853750000000003
176 178.5 178.2 0.15478 0.04223 0.75904 0.42958 0.0009083625 0.0004342475
177 179.5 179.3 0.15459 0.04218 0.7601 0.43009 0.0008994750000000001 0.00043
178 180.5 180.3 0.15441 0.04212 0.76116 0.43059 0.0008905725 0.00042578749999999996
179 181.5 181.3 0.15423 0.04207 0.76222 0.4311 0.0008817075 0.00042161749999999995
180 182.5 182.3 0.15405 0.04201 0.7633 0.4316 0.0008728200000000001 0.00041748
181 183.5 183.3 0.15388 0.04196 0.76437 0.43211 0.0008639375 0.000413385
182 184.5 184.3 0.1537 0.04191 0.76545 0.43261 0.000855045 0.00040932
183 185.5 185.3 0.15353 0.04186 0.76654 0.43312 0.0008462049999999999 0.000405295
184 186.5 186.3 0.15336 0.04181 0.76763 0.43363 0.0008373850000000001 0.00040129749999999996
185 187.5 187.3 0.15319 0.04176 0.76873 0.43414 0.0008286075 0.0003973375
186 188.5 188.3 0.15302 0.04171 0.76984 0.43464 0.000819835 0.0003934
187 189.5 189.3 0.15286 0.04166 0.77095 0.43515 0.0008111175 0.00038950000000000003
188 190.5 190.3 0.1527 0.04161 0.77207 0.43565 0.0008024325 0.00038562249999999997
189 191.5 191.3 0.15254 0.04157 0.7732 0.43616 0.00079381 0.0003817775
190 192.5 192.3 0.15238 0.04152 0.77433 0.43666 0.0007852025 0.00037795499999999997
191 193.5 193.3 0.15222 0.04148 0.77547 0.43717 0.0007766499999999999 0.00037416749999999996
192 194.5 194.3 0.15207 0.04143 0.77661 0.43767 0.000768135 0.00037040250000000004
193 195.5 195.3 0.15191 0.04139 0.77776 0.43817 0.0007596975 0.0003666725
194 196.5 196.3 0.15176 0.04134 0.77892 0.43867 0.000751305 0.0003629675
195 197.5 197.3 0.15161 0.0413 0.78008 0.43917 0.0007429975 0.0003593
196 198.5 198.3 0.15147 0.04126 0.78125 0.43966 0.00073475 0.00035566
197 199.5 199.3 0.15132 0.04122 0.78242 0.44016 0.000726615 0.00035205999999999996
198 200.5 200.3 0.15118 0.04118 0.78359 0.44065 0.0007185574999999999 0.0003484875
199 201.5 201.3 0.15104 0.04114 0.78478 0.44115 0.0007106175 0.00034495749999999996
200 202.5 202.3 0.1509 0.0411 0.78597 0.44163 0.0007027600000000001 0.00034146
201 203.5 203.3 0.15077 0.04106 0.78716 0.44212 0.00069502 0.00033800249999999996
202 204.5 204.3 0.15063 0.04102 0.78836 0.4426 0.000687365 0.00033458
203 205.5 205.3 0.1505 0.04098 0.78956 0.44309 0.000679825 0.0003312
204 206.5 206.3 0.15037 0.04094 0.79076 0.44356 0.000672355 0.000327855
205 207.5 207.3 0.15024 0.04091 0.79197 0.44404 0.00066498 0.00032455250000000004
206 208.5 208.3 0.15012 0.04087 0.79318 0.44451 0.0006576650000000001 0.00032128250000000005
207 209.5 209.3 0.14999 0.04084 0.79439 0.44499 0.000650435 0.000318055
208 210.5 210.3 0.14987 0.0408 0.7956 0.44545 0.000643245 0.0003148625
209 211.5 211.3 0.14975 0.04077 0.79682 0.44592 0.0006361225 0.00031170750000000005
210 212.5 212.3 0.14964 0.04073 0.79804 0.44637 0.0006290225000000001 0.00030858249999999996
211 213.5 213.3 0.14952 0.0407 0.79926 0.44683 0.0006219775 0.0003055
212 214.5 214.3 0.14941 0.04067 0.80048 0.44728 0.0006149424999999999 0.00030244500000000004
213 215.5 215.3 0.1493 0.04064 0.80171 0.44774 0.00060795 0.0002994275
214 216.5 216.3 0.14919 0.0406 0.80293 0.44818 0.0006009525 0.00029643750000000004
215 217.5 217.3 0.14908 0.04057 0.80416 0.44863 0.0005939875 0.000293485
216 218.5 218.3 0.14897 0.04054 0.80539 0.44907 0.0005870175 0.0002905575
217 219.5 219.3 0.14887 0.04051 0.80662 0.44951 0.0005800775 0.00028766750000000003
218 220.5 220.3 0.14877 0.04048 0.80784 0.44994 0.0005731349999999999 0.0002848025
219 221.4 221.3 0.14867 0.04046 0.80908 0.45037 0.00056623 0.0002819725
220 222.4 222.3 0.14857 0.04043 0.8103 0.45079 0.0005593325 0.00027916999999999997
221 223.4 223.3 0.14848 0.0404 0.81154 0.45122 0.000552495 0.0002764
222 224.4 224.3 0.14839 0.04037 0.81276 0.45163 0.000545685 0.0002736575
223 225.4 225.3 0.1483 0.04035 0.814 0.45205 0.0005389575 0.00027095
224 226.4 226.3 0.14821 0.04032 0.81522 0.45246 0.000532285 0.00026827000000000003
225 227.4 227.3 0.14812 0.04029 0.81645 0.45288 0.0005257225 0.000265625
226 228.4 228.2 0.14803 0.04027 0.81767 0.45328 0.000519245 0.00026300499999999997
227 229.4 229.2 0.14795 0.04024 0.8189 0.45368 0.0005129025 0.0002604225
228 230.4 230.3 0.14787 0.04022 0.82012 0.45408 0.0005066675000000001 0.0002578675
229 231.4 231.3 0.14779 0.0402 0.82134 0.45448 0.00050059 0.0002553475
230 232.4 232.3 0.14771 0.04017 0.82255 0.45487 0.0004946375 0.000252855
231 233.4 233.3 0.14764 0.04015 0.82377 0.45526 0.000488855 0.0002504
232 234.4 234.2 0.14756 0.04013 0.82498 0.45564 0.0004832075 0.000247975
233 235.4 235.2 0.14749 0.04011 0.82619 0.45603 0.0004777375 0.0002455825
234 236.4 236.2 0.14742 0.04008 0.8274 0.4564 0.000472405 0.0002432225
235 237.4 237.2 0.14735 0.04006 0.82861 0.45678 0.00046724749999999996 0.000240895
236 238.4 238.2 0.14728 0.04004 0.82981 0.45715 0.000462225 0.0002386
237 239.4 239.2 0.14722 0.04002 0.83101 0.45752 0.0004573675 0.00023634
238 240.4 240.2 0.14716 0.04 0.8322 0.45788 0.000452635 0.00023411000000000002
239 241.4 241.2 0.14709 0.03998 0.8334 0.45824 0.0004480575 0.0002319175
240 242.39999999999998 242.2 0.14703 0.03996 0.83458 0.4586 0.00044359 0.00022975249999999999
241 243.39999999999998 243.2 0.14697 0.03994 0.83577 0.45896 0.0004392625 0.0002276275
242 244.39999999999998 244.2 0.14692 0.03993 0.83695 0.4593 0.00043503 0.0002255325
243 245.39999999999998 245.2 0.14686 0.03991 0.83812 0.45965 0.00043092 0.000223475
244 246.39999999999998 246.2 0.14681 0.03989 0.83929 0.46 0.00042689 0.0002214475
245 247.39999999999998 247.2 0.14676 0.03987 0.84046 0.46034 0.000422965 0.00021946
246 248.39999999999998 248.2 0.14671 0.03986 0.84162 0.46067 0.000419105 0.000217505
247 249.39999999999998 249.3 0.14666 0.03984 0.84278 0.46101 0.0004153375 0.00021559000000000001
248 250.5 250.3 0.14661 0.03982 0.84392 0.46134 0.0004116225 0.0002137075
249 251.5 251.3 0.14656 0.03981 0.84507 0.46167 0.00040799 0.0002118625
250 252.5 252.3 0.14652 0.03979 0.84621 0.46199 0.000404405 0.0002100525
251 253.5 253.3 0.14647 0.03978 0.84735 0.46231 0.0004008975 0.00020828250000000002
252 254.5 254.3 0.14643 0.03976 0.84847 0.46263 0.00039743499999999996 0.0002065475
253 255.5 255.3 0.14639 0.03975 0.8496 0.46295 0.00039404749999999997 0.00020485
254 256.5 256.3 0.14635 0.03973 0.85071 0.46326 0.00039071250000000004 0.00020318500000000001
255 257.5 257.4 0.14631 0.03972 0.85183 0.46357 0.0003874575 0.00020156
256 258.5 258.4 0.14627 0.03971 0.85293 0.46388 0.0003842575 0.00019996749999999999
257 259.6 259.4 0.14623 0.03969 0.85403 0.46418 0.0003811475 0.00019841
258 260.6 260.4 0.1462 0.03968 0.85512 0.46448 0.0003781 0.00019688749999999998
259 261.6 261.4 0.14616 0.03967 0.85621 0.46478 0.0003751475 0.0001953975
260 262.6 262.4 0.14613 0.03966 0.85729 0.46508 0.000372265 0.00019393750000000002
261 263.7 263.4 0.1461 0.03964 0.85837 0.46538 0.0003694825 0.00019250999999999998
262 264.7 264.5 0.14607 0.03963 0.85943 0.46566 0.000366775 0.0001911125
263 265.7 265.5 0.14604 0.03962 0.8605 0.46595 0.000364165 0.000189745
264 266.7 266.5 0.14601 0.03961 0.86155 0.46624 0.0003616275 0.0001884025
265 267.7 267.5 0.14598 0.0396 0.8626 0.46652 0.0003591825 0.00018709249999999998
266 268.7 268.5 0.14595 0.03959 0.86363 0.4668 0.00035680250000000004 0.0001858025
267 269.7 269.5 0.14592 0.03958 0.86467 0.46708 0.000354505 0.0001845425
268 270.7 270.5 0.1459 0.03957 0.86569 0.46735 0.00035226 0.00018330750000000002
269 271.7 271.5 0.14587 0.03956 0.86672 0.46763 0.00035008 0.0001820975
270 272.7 272.6 0.14585 0.03955 0.86772 0.46789 0.0003479375 0.0001809075
271 273.7 273.6 0.14583 0.03954 0.86873 0.46816 0.0003458425 0.00017974499999999998
272 274.7 274.6 0.1458 0.03953 0.86972 0.46842 0.0003437675 0.000178605
273 275.8 275.7 0.14578 0.03952 0.87072 0.46869 0.0003417275 0.00017749
274 276.8 276.7 0.14576 0.03951 0.8717 0.46894 0.0003396925 0.00017639750000000002
275 277.8 277.7 0.14574 0.0395 0.87267 0.4692 0.000337675 0.0001753275
276 278.8 278.7 0.14572 0.03949 0.87364 0.46945 0.0003356575 0.0001742825
277 279.8 279.7 0.1457 0.03948 0.8746 0.46971 0.00033365 0.00017326250000000002
278 280.9 280.8 0.14568 0.03948 0.87555 0.46995 0.0003316375 0.00017226250000000002
279 281.9 281.8 0.14566 0.03947 0.8765 0.4702 0.0003296325 0.00017129
280 282.9 282.8 0.14565 0.03946 0.87743 0.47044 0.00032762249999999997 0.00017034
281 283.9 283.8 0.14563 0.03945 0.87837 0.47068 0.0003256275 0.0001694175
282 284.9 284.9 0.14561 0.03944 0.87928 0.47092 0.00032363 0.000168515
283 285.8 285.8 0.1456 0.03944 0.8802 0.47115 0.0003216575 0.00016764000000000001
284 286.8 286.8 0.14558 0.03943 0.8811 0.47138 0.000319695 0.00016679
285 287.8 287.8 0.14557 0.03942 0.882 0.47162 0.000317765 0.0001659625
286 288.8 288.8 0.14556 0.03942 0.88289 0.47184 0.00031585999999999995 0.00016516
287 289.8 289.8 0.14554 0.03941 0.88377 0.47207 0.000314 0.00016438
288 290.8 290.8 0.14553 0.0394 0.88464 0.47229 0.000312175 0.00016362499999999998
289 291.8 291.8 0.14552 0.0394 0.88551 0.47251 0.000310405 0.0001628925
290 292.8 292.8 0.14551 0.03939 0.88636 0.47272 0.0003086825 0.00016218
291 293.8 293.8 0.14549 0.03938 0.88722 0.47294 0.00030702249999999996 0.0001614925
292 294.7 294.7 0.14548 0.03938 0.88805 0.47314 0.0003054125 0.000160825
293 295.7 295.7 0.14547 0.03937 0.88889 0.47335 0.0003038725 0.00016018
294 296.7 296.7 0.14546 0.03937 0.88971 0.47356 0.000302385 0.00015955250000000001
295 297.6 297.6 0.14545 0.03936 0.89053 0.47376 0.000300965 0.0001589475
296 298.6 298.6 0.14544 0.03936 0.89134 0.47396 0.000299595 0.0001583575
297 299.6 299.6 0.14543 0.03935 0.89214 0.47416 0.000298285 0.0001577875
298 300.6 300.6 0.14542 0.03934 0.89293 0.47435 0.00029702 0.00015723
299 301.5 301.5 0.14542 0.03934 0.89372 0.47454 0.000295805 0.0001566925
300 302.5 302.5 0.14541 0.03933 0.8945 0.47472 0.00029462250000000003 0.00015616749999999998
301 303.5 303.5 0.1454 0.03933 0.89527 0.47491 0.0002934825 0.00015565999999999998
302 304.4 304.4 0.14539 0.03932 0.89603 0.47509 0.0002923675 0.0001551625
303 305.4 305.4 0.14538 0.03932 0.89679 0.47527 0.00029128 0.0001546775
304 306.4 306.4 0.14538 0.03931 0.89753 0.47545 0.0002902075 0.000154205
305 307.3 307.3 0.14537 0.03931 0.89828 0.47562 0.0002891575 0.000153745
306 308.3 308.3 0.14536 0.03931 0.899 0.47579 0.00028811500000000003 0.0001532925
307 309.3 309.3 0.14536 0.0393 0.89973 0.47596 0.0002870875 0.00015285250000000001
308 310.2 310.2 0.14535 0.0393 0.90044 0.47613 0.0002860675 0.00015241750000000002
309 311.2 311.2 0.14535 0.03929 0.90115 0.47629 0.00028505999999999996 0.00015199499999999998
310 312.2 312.2 0.14534 0.03929 0.90185 0.47645 0.0002840575 0.0001515775
311 313.1 313.1 0.14534 0.03928 0.90254 0.47661 0.0002830725 0.00015117
312 314.1 314.1 0.14533 0.03928 0.90322 0.47676 0.0002820925 0.0001507675
313 315.1 315.1 0.14533 0.03927 0.90389 0.47692 0.000281135 0.000150375
314 316.1 316.1 0.14532 0.03927 0.90456 0.47707 0.00028019 0.000149985
315 317.0 317.0 0.14532 0.03927 0.90522 0.47721 0.0002792675 0.00014960499999999997
316 318.0 318.0 0.14531 0.03926 0.90586 0.47736 0.000278365 0.00014923
317 319.0 319.0 0.14531 0.03926 0.9065 0.4775 0.00027749000000000003 0.00014885999999999998
318 320.0 320.0 0.1453 0.03925 0.90713 0.47764 0.00027664 0.00014849499999999998
319 321.0 321.0 0.1453 0.03925 0.90776 0.47777 0.0002758225 0.00014813750000000002
320 322.0 322.0 0.14529 0.03925 0.90837 0.4779 0.00027503499999999997 0.000147785
321 322.9 322.9 0.14529 0.03924 0.90898 0.47804 0.0002742825 0.0001474375
322 323.9 323.9 0.14529 0.03924 0.90957 0.47816 0.0002735625 0.000147095
323 324.9 325.1 0.14528 0.03924 0.91016 0.47829 0.00027288249999999996 0.000146755
324 325.9 326.2 0.14528 0.03923 0.91074 0.47841 0.0002722375 0.0001464225
325 326.9 327.2 0.14527 0.03923 0.91131 0.47853 0.00027162999999999997 0.0001460925
326 327.9 328.1 0.14527 0.03922 0.91187 0.47864 0.00027106 0.000145765
327 329.0 329.1 0.14527 0.03922 0.91242 0.47876 0.00027053 0.0001454425
328 330.0 330.1 0.14526 0.03922 0.91296 0.47887 0.000270035 0.00014512
329 331.0 331.1 0.14526 0.03921 0.91349 0.47898 0.00026958 0.0001448025
330 332.0 332.1 0.14526 0.03921 0.91401 0.47908 0.00026916 0.00014448749999999998
331 333.0 333.1 0.14525 0.03921 0.91452 0.47919 0.0002687775 0.0001441725
332 334.0 334.1 0.14525 0.0392 0.91502 0.47928 0.00026842500000000003 0.0001438575
333 334.9 335.3 0.14525 0.0392 0.91552 0.47938 0.00026811 0.0001435475
334 335.9 336.3 0.14524 0.0392 0.91599 0.47948 0.00026782499999999996 0.000143235
335 336.9 337.3 0.14524 0.03919 0.91646 0.47957 0.00026756999999999996 0.0001429225
336 337.9 338.3 0.14524 0.03919 0.91692 0.47966 0.00026734249999999996 0.00014261
337 338.9 339.3 0.14523 0.03919 0.91737 0.47975 0.0002671425 0.0001422975
338 339.9 340.3 0.14523 0.03918 0.91781 0.47983 0.0002669625 0.0001419825
339 340.9 341.3 0.14523 0.03918 0.91824 0.47992 0.0002668075 0.0001416675
340 342.0 342.3 0.14522 0.03917 0.91865 0.48 0.00026667 0.00014134749999999998
341 343.0 343.3 0.14522 0.03917 0.91906 0.48008 0.00026655250000000004 0.0001410275
342 344.0 344.3 0.14522 0.03917 0.91945 0.48015 0.00026645 0.000140705
343 345.0 345.4 0.14521 0.03916 0.91984 0.48023 0.0002663625 0.00014038
344 346.0 346.4 0.14521 0.03916 0.92021 0.4803 0.000266285 0.00014005000000000002
345 347.0 347.4 0.1452 0.03916 0.92057 0.48037 0.00026622 0.00013971749999999998
346 348.0 348.4 0.1452 0.03915 0.92092 0.48044 0.00026616 0.0001393825
347 349.1 349.4 0.1452 0.03915 0.92126 0.48051 0.00026611 0.00013904
348 350.1 350.4 0.14519 0.03915 0.92158 0.48057 0.00026606249999999997 0.000138695
349 351.1 351.5 0.14519 0.03914 0.9219 0.48063 0.0002660175 0.000138345
350 352.1 352.5 0.14518 0.03914 0.9222 0.48069 0.00026597 0.0001379875
351 353.1 353.5 0.14518 0.03914 0.9225 0.48075 0.0002659225 0.000137625
352 354.1 354.5 0.14518 0.03913 0.92278 0.4808 0.000265865 0.0001372575
353 355.1 355.5 0.14517 0.03913 0.92305 0.48086 0.0002658025 0.0001368825
354 356.0 356.5 0.14517 0.03913 0.9233 0.48091 0.0002657275 0.0001365025
355 357.0 357.5 0.14516 0.03912 0.92355 0.48096 0.00026564 0.00013611500000000002
356 358.0 358.5 0.14516 0.03912 0.92378 0.481 0.0002655325 0.0001357225
357 359.0 359.5 0.14515 0.03912 0.92401 0.48105 0.0002654075 0.0001353225
358 360.0 360.5 0.14514 0.03911 0.92422 0.48109 0.00026526 0.00013491500000000002
359 361.0 361.5 0.14514 0.03911 0.92442 0.48114 0.00026509 0.00013450000000000002
360 362.0 362.5 0.14513 0.03911 0.92461 0.48118 0.0002648925 0.00013408000000000002
361 363.0 363.5 0.14513 0.0391 0.92479 0.48122 0.0002646675 0.000133655
362 364.0 364.5 0.14512 0.0391 0.92495 0.48125 0.000264415 0.00013322
363 365.0 365.5 0.14512 0.03909 0.92511 0.48129 0.00026412999999999995 0.0001327825
364 366.0 366.6 0.14511 0.03909 0.92525 0.48132 0.00026381749999999997 0.00013233749999999998
365 367.0 367.6 0.1451 0.03909 0.92539 0.48136 0.0002634725 0.00013189
366 368.0 368.5 0.1451 0.03908 0.92551 0.48139 0.00026309749999999996 0.000131435
367 369.0 369.5 0.14509 0.03908 0.92562 0.48142 0.0002626925 0.00013097749999999998
368 370.0 370.5 0.14508 0.03908 0.92572 0.48145 0.00026225749999999996 0.000130515
369 371.0 371.5 0.14507 0.03907 0.92581 0.48147 0.000261795 0.0001300475
370 372.0 372.5 0.14507 0.03907 0.92589 0.4815 0.0002613025 0.0001295775
371 373.0 373.5 0.14506 0.03907 0.92595 0.48152 0.000260785 0.000129105
372 374.0 374.5 0.14505 0.03906 0.92601 0.48154 0.00026024 0.0001286275
373 375.1 375.5 0.14504 0.03906 0.92606 0.48156 0.00025967 0.00012815
374 376.1 376.5 0.14503 0.03906 0.92609 0.48158 0.0002590725 0.0001276675
375 377.1 377.6 0.14503 0.03905 0.92612 0.4816 0.00025845 0.00012718499999999998
376 378.1 378.6 0.14502 0.03905 0.92613 0.48162 0.0002578 0.00012670000000000002
377 379.1 379.6 0.14501 0.03904 0.92614 0.48163 0.0002571275 0.000126215
378 380.1 380.7 0.145 0.03904 0.92613 0.48164 0.00025643 0.000125725
379 381.1 381.8 0.14499 0.03904 0.92611 0.48166 0.000255705 0.00012523500000000002
380 382.1 382.8 0.14498 0.03903 0.92609 0.48167 0.00025495250000000003 0.00012474250000000001
381 383.1 383.9 0.14497 0.03903 0.92605 0.48168 0.0002541725 0.00012425
382 384.1 384.8 0.14496 0.03903 0.926 0.48169 0.000253365 0.000123755
383 385.1 385.9 0.14495 0.03902 0.92595 0.4817 0.00025253 0.0001232575
384 386.1 386.9 0.14494 0.03902 0.92588 0.4817 0.00025166500000000004 0.00012276
385 387.2 387.9 0.14493 0.03902 0.92581 0.48171 0.0002507725 0.00012225999999999998
386 388.4 389.1 0.14492 0.03901 0.92573 0.48171 0.0002498475 0.00012176
387 389.5 390.1 0.14491 0.03901 0.92564 0.48171 0.000248895 0.0001212575
388 390.7 391.1 0.1449 0.039 0.92553 0.48171 0.0002479125 0.000120755
389 391.9 392.2 0.14489 0.039 0.92542 0.48171 0.0002469025 0.00012025
390 393.0 393.2 0.14488 0.039 0.9253 0.48171 0.0002458625 0.0001197425
391 394.1 394.2 0.14487 0.03899 0.92518 0.48171 0.000244795 0.00011923749999999999
392 395.2 395.3 0.14486 0.03899 0.92504 0.4817 0.0002437 0.00011873
393 396.2 396.3 0.14485 0.03899 0.92489 0.4817 0.00024258 0.00011822249999999999
394 397.4 397.4 0.14484 0.03898 0.92474 0.48169 0.0002414375 0.0001177125
395 398.4 398.4 0.14483 0.03898 0.92458 0.48168 0.00024027 0.000117205
396 399.5 399.5 0.14482 0.03898 0.92441 0.48167 0.0002390825 0.00011669749999999999
397 400.4 400.4 0.1448 0.03897 0.92424 0.48166 0.000237875 0.00011619
398 401.4 401.4 0.14479 0.03897 0.92405 0.48165 0.00023665 0.00011568249999999999
399 402.4 402.4 0.14478 0.03897 0.92386 0.48163 0.00023541 0.000115175
400 403.5 403.5 0.14477 0.03896 0.92366 0.48162 0.00023415749999999998 0.00011467
401 404.5 404.5 0.14476 0.03896 0.92345 0.4816 0.00023289250000000001 0.0001141675
402 405.5 405.5 0.14475 0.03895 0.92324 0.48159 0.0002316175 0.000113665
403 406.5 406.5 0.14473 0.03895 0.92302 0.48157 0.0002303375 0.0001131675
404 407.5 407.5 0.14472 0.03895 0.92279 0.48155 0.00022905 0.00011267
405 408.5 408.5 0.14471 0.03894 0.92256 0.48153 0.00022776250000000001 0.000112175
406 409.6 409.6 0.1447 0.03894 0.92231 0.4815 0.00022647 0.0001116825
407 410.5 410.5 0.14469 0.03894 0.92207 0.48148 0.00022517999999999998 0.0001111925
408 411.5 411.5 0.14467 0.03893 0.92181 0.48146 0.00022389 0.00011070499999999999
409 412.6 412.6 0.14466 0.03893 0.92156 0.48143 0.00022260750000000003 0.00011022
410 413.5 413.5 0.14465 0.03893 0.92129 0.4814 0.000221325 0.00010974
411 414.5 414.5 0.14464 0.03892 0.92102 0.48138 0.00022005250000000002 0.00010926249999999999
412 415.4 415.4 0.14462 0.03892 0.92074 0.48135 0.000218785 0.0001087875
413 416.4 416.4 0.14461 0.03892 0.92046 0.48132 0.0002175275 0.0001083175
414 417.4 417.4 0.1446 0.03891 0.92017 0.48128 0.00021627750000000002 0.00010785
415 418.4 418.4 0.14459 0.03891 0.91987 0.48125 0.0002150375 0.00010738499999999999
416 419.3 419.3 0.14458 0.03891 0.91957 0.48121 0.000213805 0.0001069225
417 420.3 420.3 0.14456 0.0389 0.91927 0.48118 0.000212585 0.000106465
418 421.3 421.3 0.14455 0.0389 0.91896 0.48114 0.000211375 0.00010601
419 422.2 422.2 0.14454 0.0389 0.91864 0.4811 0.00021017749999999998 0.00010556
420 423.2 423.2 0.14453 0.03889 0.91832 0.48106 0.0002089875 0.00010511
421 424.2 424.2 0.14451 0.03889 0.918 0.48102 0.00020780750000000002 0.00010466499999999999
422 425.2 425.2 0.1445 0.03888 0.91767 0.48098 0.0002066375 0.00010421999999999999
423 426.2 426.2 0.14449 0.03888 0.91734 0.48094 0.00020548 0.00010378
424 427.1 427.1 0.14448 0.03888 0.917 0.48089 0.0002043275 0.00010334250000000001
425 428.1 428.1 0.14446 0.03887 0.91666 0.48085 0.00020318500000000001 0.0001029075
426 429.1 429.1 0.14445 0.03887 0.91631 0.4808 0.00020205 0.000102475
427 430.0 430.0 0.14444 0.03887 0.91596 0.48075 0.000200925 0.00010204249999999999
428 431.0 431.0 0.14443 0.03887 0.91561 0.4807 0.0001998025 0.000101615
429 432.0 432.0 0.14442 0.03886 0.91525 0.48065 0.00019869 0.00010119
430 432.9 432.9 0.1444 0.03886 0.91489 0.4806 0.00019758000000000002 0.00010076499999999999
431 433.9 433.9 0.14439 0.03886 0.91453 0.48054 0.0001964775 0.0001003425
432 434.9 434.9 0.14438 0.03885 0.91416 0.48049 0.0001953775 9.992249999999999e-05
433 435.8 435.8 0.14437 0.03885 0.91379 0.48043 0.0001942825 9.950499999999999e-05
434 436.8 436.8 0.14435 0.03885 0.91341 0.48038 0.00019319 9.908749999999999e-05
435 437.8 437.8 0.14434 0.03884 0.91303 0.48032 0.00019209999999999998 9.8675e-05
436 438.8 438.8 0.14433 0.03884 0.91265 0.48026 0.00019101250000000001 9.82625e-05
437 439.7 439.7 0.14432 0.03884 0.91227 0.4802 0.0001899275 9.785249999999999e-05
438 440.7 440.7 0.14431 0.03883 0.91188 0.48014 0.0001888425 9.7445e-05
439 441.7 441.7 0.1443 0.03883 0.91149 0.48008 0.0001877575 9.70425e-05
440 442.6 442.6 0.14428 0.03883 0.9111 0.48001 0.000186675 9.664000000000001e-05
441 443.6 443.6 0.14427 0.03882 0.91071 0.47995 0.00018559500000000001 9.624e-05
442 444.6 444.6 0.14426 0.03882 0.91031 0.47988 0.000184515 9.58425e-05
443 445.5 445.5 0.14425 0.03882 0.90991 0.47982 0.000183435 9.544999999999999e-05
444 446.5 446.5 0.14424 0.03881 0.9095 0.47975 0.00018235499999999998 9.506e-05
445 447.5 447.5 0.14423 0.03881 0.9091 0.47968 0.00018128 9.467250000000001e-05
446 448.4 448.4 0.14422 0.03881 0.90869 0.47961 0.00018020249999999997 9.429e-05
447 449.4 449.4 0.1442 0.03881 0.90828 0.47954 0.0001791275 9.390999999999999e-05
448 450.4 450.4 0.14419 0.0388 0.90787 0.47946 0.0001780525 9.35325e-05
449 451.4 451.4 0.14418 0.0388 0.90746 0.47939 0.00017698 9.31625e-05
450 452.4 452.4 0.14417 0.0388 0.90704 0.47931 0.00017591000000000001 9.27925e-05
451 453.3 453.3 0.14416 0.03879 0.90663 0.47924 0.00017484 9.243e-05
452 454.3 454.3 0.14415 0.03879 0.90621 0.47916 0.0001737725 9.207e-05
453 455.3 455.2 0.14414 0.03879 0.90579 0.47908 0.0001727075 9.1715e-05
454 456.2 456.2 0.14413 0.03878 0.90537 0.479 0.00017164250000000002 9.13625e-05
455 457.2 457.2 0.14412 0.03878 0.90495 0.47892 0.0001705825 9.1015e-05
456 458.2 458.2 0.14411 0.03878 0.90452 0.47884 0.0001695225 9.067250000000001e-05
457 459.1 459.1 0.1441 0.03878 0.9041 0.47876 0.000168465 9.03325e-05
458 460.1 460.1 0.14409 0.03877 0.90367 0.47868 0.00016740749999999999 8.99975e-05
459 461.0 461.0 0.14408 0.03877 0.90324 0.47859 0.000166355 8.966499999999999e-05
460 462.0 462.0 0.14406 0.03877 0.90281 0.47851 0.0001653 8.9335e-05
461 463.0 463.0 0.14405 0.03876 0.90238 0.47842 0.00016425 8.901e-05
462 464.0 464.0 0.14404 0.03876 0.90195 0.47833 0.0001632 8.868750000000001e-05
463 465.0 465.0 0.14403 0.03876 0.90152 0.47825 0.0001621525 8.8365e-05
464 466.0 466.0 0.14403 0.03876 0.90108 0.47816 0.0001611025 8.80475e-05
465 466.9 466.9 0.14402 0.03875 0.90065 0.47807 0.0001600575 8.773e-05
466 467.9 467.9 0.14401 0.03875 0.90022 0.47797 0.0001590125 8.7415e-05
467 468.9 468.9 0.144 0.03875 0.89978 0.47788 0.00015797 8.71025e-05
468 469.9 469.9 0.14399 0.03875 0.89935 0.47779 0.000156925 8.67875e-05
469 470.9 470.9 0.14398 0.03874 0.89891 0.4777 0.000155885 8.6475e-05
470 471.8 471.8 0.14397 0.03874 0.89848 0.4776 0.0001548425 8.61625e-05
471 472.8 472.8 0.14396 0.03874 0.89804 0.47751 0.000153805 8.584749999999999e-05
472 473.8 473.8 0.14395 0.03874 0.89761 0.47741 0.00015276500000000002 8.5535e-05
473 474.7 474.7 0.14394 0.03873 0.89717 0.47731 0.00015173 8.52175e-05
474 475.7 475.7 0.14393 0.03873 0.89674 0.47721 0.0001506925 8.49025e-05
475 476.8 476.7 0.14392 0.03873 0.8963 0.47712 0.00014966 8.45825e-05
476 477.8 477.7 0.14391 0.03873 0.89587 0.47701 0.0001486275 8.426250000000001e-05
477 478.8 478.7 0.14391 0.03872 0.89544 0.47691 0.0001476 8.394e-05
478 479.8 479.7 0.1439 0.03872 0.895 0.47681 0.000146575 8.36125e-05
479 480.8 480.7 0.14389 0.03872 0.89457 0.47671 0.0001455525 8.3285e-05
480 481.8 481.7 0.14388 0.03871 0.89414 0.47661 0.0001445325 8.29525e-05
481 482.8 482.7 0.14387 0.03871 0.89371 0.47651 0.0001435175 8.262e-05
482 483.8 483.7 0.14386 0.03871 0.89328 0.4764 0.000142505 8.228249999999999e-05
483 484.8 484.7 0.14386 0.03871 0.89285 0.4763 0.00014149749999999998 8.194e-05
484 485.8 485.7 0.14385 0.03871 0.89242 0.47619 0.000140495 8.15975e-05
485 486.8 486.7 0.14384 0.0387 0.892 0.47609 0.0001395 8.125e-05
486 487.8 487.7 0.14383 0.0387 0.89157 0.47598 0.00013851 8.08975e-05
487 488.8 488.7 0.14383 0.0387 0.89115 0.47587 0.0001375275 8.054500000000001e-05
488 489.8 489.7 0.14382 0.0387 0.89073 0.47576 0.0001365525 8.018749999999999e-05
489 490.8 490.7 0.14381 0.03869 0.89031 0.47566 0.00013558500000000002 7.98275e-05
490 491.8 491.7 0.1438 0.03869 0.88989 0.47555 0.00013462750000000002 7.9465e-05
491 492.8 492.7 0.1438 0.03869 0.88947 0.47544 0.00013367999999999998 7.90975e-05
492 493.8 493.7 0.14379 0.03869 0.88906 0.47533 0.00013274 7.87275e-05
493 494.8 494.7 0.14378 0.03868 0.88865 0.47522 0.000131815 7.83575e-05
494 495.8 495.7 0.14378 0.03868 0.88824 0.47511 0.00013089999999999998 7.79825e-05
495 496.8 496.7 0.14377 0.03868 0.88783 0.475 0.00013000000000000002 7.76075e-05
496 497.79999999999995 497.70000000000005 0.14376 0.03868 0.88742 0.47488 0.0001291125 7.72275e-05
497 498.79999999999995 498.70000000000005 0.14376 0.03867 0.88702 0.47477 0.00012824250000000002 7.68475e-05
498 499.9 499.70000000000005 0.14375 0.03867 0.88662 0.47466 0.0001273875 7.646250000000001e-05
499 500.79999999999995 500.70000000000005 0.14374 0.03867 0.88622 0.47455 0.00012654999999999999 7.607999999999999e-05
