iteration NAG_barzilai-borwein_time_X NAG_barzilai-borwein_time_Y NAG_barzilai-borwein_objective_X NAG_barzilai-borwein_objective_Y NAG_barzilai-borwein_hpwl_X NAG_barzilai-borwein_hpwl_Y NAG_barzilai-borwein_euclidean_norm_X NAG_barzilai-borwein_euclidean_norm_Y
0 7.699999999999996 2.0999999999999943 3.51641 1.07781 3.76857 1.12227 0.0284433 0.0162218125
1 10.299999999999997 4.599999999999994 3.50509 1.04362 3.73993 1.13582 0.01987854 0.1875831075
2 13.099999999999994 7.099999999999994 3.5036 1.09852 3.73646 1.25462 0.0198281725 0.035766957499999995
3 15.899999999999991 9.5 3.50207 0.99968 3.73626 1.17798 0.019329105 0.0978553175
4 18.700000000000003 12.200000000000003 3.5004 1.00381 3.736 1.20071 0.019004795 0.0139347125
5 21.39999999999999 14.700000000000003 3.49844 0.98865 3.73591 1.18725 0.0186106875 0.0148407725
6 24.099999999999994 17.299999999999997 3.49546 0.9861 3.73609 1.19092 0.019500464999999998 0.0102383325
7 26.599999999999994 19.89999999999999 3.49156 0.98402 3.73695 1.19248 0.01775516 0.0100872475
8 29.39999999999999 22.599999999999994 3.48797 0.98242 3.7373 1.19448 0.01678477 0.009984835000000001
9 32.099999999999994 25.200000000000003 3.48478 0.98102 3.73813 1.19617 0.0163137775 0.009959257499999999
10 34.7 27.799999999999997 3.4818 0.97893 3.73886 1.1985 0.01593396 0.012838464999999999
11 37.39999999999999 30.5 3.47855 0.97675 3.73976 1.20145 0.0168751325 0.009679955
12 40.0 33.2 3.47482 0.97476 3.74095 1.20324 0.01553208 0.009345905
13 42.7 35.8 3.47131 0.97306 3.74191 1.20532 0.0145798575 0.009207917500000001
14 45.39999999999999 38.5 3.46811 0.97152 3.74281 1.20732 0.014081607500000001 0.009119265
15 48.0 41.0 3.46516 0.97 3.74378 1.20944 0.013757135 0.00946071
16 50.7 43.7 3.46234 0.96833 3.74496 1.2119 0.0136174175 0.00902839
17 53.5 46.2 3.45952 0.96675 3.74636 1.21409 0.0133988525 0.0087758375
18 56.099999999999994 48.8 3.45675 0.96526 3.74774 1.21617 0.0129008475 0.008677955000000001
19 58.7 51.5 3.45408 0.96385 3.7491 1.21823 0.0125771975 0.008619284999999999
20 61.39999999999999 54.099999999999994 3.45152 0.96241 3.75053 1.22031 0.012360585 0.0087743375
21 64.0 56.7 3.44899 0.9609 3.75201 1.22258 0.01225952 0.008488260000000001
22 66.6 59.3 3.44644 0.95942 3.75357 1.22466 0.012038819999999999 0.0083244025
23 69.2 62.0 3.44392 0.958 3.75509 1.22673 0.0117002425 0.00824044
24 71.7 64.6 3.44145 0.95661 3.75656 1.22878 0.011462664999999999 0.00820852
25 74.39999999999999 67.2 3.43903 0.95518 3.75803 1.23094 0.011303045 0.00825206
26 76.89999999999999 69.8 3.43663 0.95372 3.75951 1.23317 0.0112028625 0.008045812500000001
27 79.49999999999999 72.39999999999999 3.43421 0.95227 3.76099 1.23534 0.0109897825 0.007924315
28 82.10000000000001 75.10000000000001 3.43181 0.95086 3.76243 1.23749 0.0107340225 0.0078517325
29 84.7 77.7 3.42944 0.94946 3.76383 1.2397 0.0105451725 0.007836225
30 87.2 80.3 3.42711 0.94802 3.76525 1.24199 0.010416745 0.007808575
31 89.8 82.89999999999999 3.42477 0.94657 3.7667 1.24433 0.010304795 0.0076535175
32 92.39999999999999 85.49999999999999 3.42244 0.94513 3.7682 1.2466 0.0101066475 0.00755527
33 94.99999999999999 88.2 3.42013 0.94371 3.76973 1.24892 0.0099012525 0.007494069999999999
34 97.60000000000001 90.8 3.41785 0.94229 3.77129 1.25124 0.009745832500000001 0.00747912
35 100.2 93.39999999999999 3.41559 0.94084 3.77288 1.25367 0.0096344525 0.0074128775
36 102.7 96.10000000000001 3.41333 0.93939 3.77453 1.25608 0.009512522499999999 0.0072907200000000005
37 105.3 98.7 3.41108 0.93795 3.77619 1.2585 0.009334825 0.0072076925000000005
38 107.89999999999999 101.3 3.40886 0.93652 3.77787 1.26091 0.0091661325 0.007157035
39 110.49999999999999 103.8 3.40666 0.93509 3.77959 1.2634 0.0090364825 0.00713086
40 113.10000000000001 106.49999999999999 3.40447 0.93364 3.78137 1.26591 0.0089337275 0.0070497699999999995
41 115.60000000000001 109.10000000000001 3.4023 0.93219 3.7832 1.26845 0.0088091025 0.0069500099999999995
42 118.2 111.7 3.40014 0.93075 3.78507 1.27098 0.0086540125 0.0068793675
43 120.7 114.3 3.398 0.92931 3.78699 1.27355 0.008514025 0.0068360775
44 123.3 116.99999999999999 3.39589 0.92787 3.78898 1.27615 0.008403582500000001 0.0067959875
45 125.89999999999999 119.60000000000001 3.39379 0.92642 3.79106 1.27881 0.008304905 0.0067144025
46 128.5 122.2 3.39171 0.92498 3.79323 1.28145 0.008184325 0.0066316775000000005
47 131.0 124.8 3.38964 0.92354 3.79545 1.28413 0.0080504675 0.00657205
48 133.60000000000002 127.39999999999999 3.3876 0.92211 3.79773 1.28682 0.0079326425 0.0065318275
49 136.2 130.0 3.38557 0.92067 3.80005 1.28957 0.0078352575 0.0064820075
50 138.8 132.60000000000002 3.38357 0.91923 3.80242 1.29232 0.0077394375 0.006407155
51 141.3 135.2 3.38158 0.9178 3.80481 1.2951 0.007626987500000001 0.00633853
52 143.8 137.89999999999998 3.3796 0.91637 3.80722 1.29787 0.007511545 0.006288215
53 146.3 140.5 3.37765 0.91494 3.80964 1.30069 0.0074104475 0.0062481875
54 148.89999999999998 143.10000000000002 3.37572 0.91351 3.81209 1.30353 0.0073219125 0.0061950325
55 151.5 145.60000000000002 3.37381 0.91208 3.81455 1.30639 0.0072299575 0.0061297825
56 154.10000000000002 148.2 3.37191 0.91066 3.81704 1.30925 0.007127847499999999 0.0060730825
57 156.60000000000002 150.89999999999998 3.37003 0.90925 3.81952 1.31213 0.007028155 0.0060297475
58 159.10000000000002 153.5 3.36818 0.90783 3.82202 1.31503 0.006940042499999999 0.0059892925
59 161.7 156.10000000000002 3.36634 0.90642 3.82453 1.31796 0.00685853 0.0059376025
60 164.2 158.7 3.36451 0.90501 3.82706 1.32089 0.0067725575 0.0058816525
61 166.8 161.3 3.36271 0.9036 3.8296 1.32384 0.006681882500000001 0.0058338
62 169.3 163.89999999999998 3.36092 0.9022 3.83216 1.32678 0.0065959799999999996 0.0057942675
63 171.89999999999998 166.60000000000002 3.35916 0.9008 3.83472 1.32976 0.0065185675 0.0057529775
64 174.39999999999998 169.2 3.35741 0.89941 3.83729 1.33274 0.0064440025 0.0057034225
65 177.10000000000002 171.8 3.35568 0.89802 3.83987 1.33573 0.00636597 0.0056531525000000004
66 179.60000000000002 174.39999999999998 3.35396 0.89663 3.84245 1.33872 0.0062870225 0.0056091275
67 182.10000000000002 177.10000000000002 3.35227 0.89525 3.84504 1.34173 0.00621325 0.0055689425
68 184.60000000000002 179.60000000000002 3.35059 0.89388 3.84763 1.34474 0.006145195 0.00552435
69 187.2 182.10000000000002 3.34892 0.89251 3.85021 1.34775 0.006078042499999999 0.0054736
70 189.7 184.7 3.34727 0.89114 3.8528 1.35077 0.00600905 0.0054234274999999995
71 192.3 187.2 3.34564 0.88979 3.85539 1.35379 0.005941242500000001 0.00537764
72 194.89999999999998 189.8 3.34403 0.88844 3.85798 1.35682 0.0058779950000000004 0.0053324075000000005
73 197.39999999999998 192.39999999999998 3.34243 0.8871 3.86057 1.35985 0.0058182775 0.00528196
74 199.89999999999998 195.0 3.34084 0.88577 3.86317 1.36288 0.0057587675 0.0052277899999999995
75 202.5 197.60000000000002 3.33927 0.88445 3.86576 1.36591 0.0056988025 0.00517586
76 205.10000000000002 200.2 3.33772 0.88314 3.86836 1.36895 0.005640885 0.005127665
77 207.7 202.8 3.33617 0.88184 3.87094 1.37198 0.0055864700000000005 0.005079075
78 210.3 205.5 3.33465 0.88056 3.87354 1.37503 0.0055341175 0.0050271725
79 212.8 208.10000000000002 3.33313 0.87929 3.87614 1.37806 0.005481865 0.0049750625
80 215.40000000000003 210.7 3.33163 0.87803 3.87874 1.38111 0.005430045 0.0049266399999999995
81 218.10000000000002 213.3 3.33014 0.87678 3.88134 1.38414 0.00538031 0.0048810775
82 220.60000000000002 215.90000000000003 3.32866 0.87555 3.88395 1.38719 0.0053330175 0.0048342975
83 223.10000000000002 218.5 3.3272 0.87434 3.88655 1.39025 0.0052868624999999995 0.0047395250000000005
84 225.7 221.10000000000002 3.32574 0.87313 3.88917 1.39333 0.0052409 0.0047027675
85 228.2 223.7 3.3243 0.87194 3.89177 1.39641 0.0051957225 0.004666415
86 230.90000000000003 226.3 3.32287 0.87076 3.89439 1.3995 0.0051522675 0.0046231225
87 233.40000000000003 229.0 3.32145 0.86959 3.897 1.40257 0.0051103375 0.0045531775
88 235.90000000000003 231.60000000000002 3.32003 0.86843 3.89962 1.40565 0.0050689925 0.0044882975
89 238.40000000000003 234.3 3.31863 0.86729 3.90224 1.4087 0.005027879999999999 0.004442715
90 241.0 236.90000000000003 3.31724 0.86616 3.90486 1.41178 0.004987555 0.0044054
91 243.60000000000002 239.60000000000002 3.31586 0.86505 3.90748 1.41483 0.0049484325 0.0043539450000000006
92 246.10000000000002 242.2 3.31449 0.86396 3.9101 1.41791 0.004910154999999999 0.004294632499999999
93 248.60000000000002 244.90000000000003 3.31312 0.86289 3.91271 1.42096 0.0048721275 0.0042489975
94 251.10000000000002 247.5 3.31177 0.86183 3.91534 1.42403 0.0048343299999999995 0.0042208025
95 253.60000000000002 250.2 3.31042 0.8608 3.91796 1.42708 0.0047971725 0.004195925
96 256.2 252.8 3.30908 0.85977 3.92058 1.43015 0.0047608 0.004164595
97 258.7 255.40000000000003 3.30775 0.85877 3.92318 1.4332 0.0047248875 0.004136317499999999
98 261.3 258.2 3.30643 0.85778 3.92579 1.43627 0.0046891525 0.0041151799999999995
99 263.8 260.8 3.30512 0.85679 3.92839 1.43932 0.00465375 0.004082185
100 266.3 263.40000000000003 3.30381 0.85581 3.93099 1.4424 0.0046189975 0.0040691925
101 269.0 266.0 3.30252 0.85484 3.93357 1.44544 0.0045849425000000004 0.004032574999999999
102 271.6 268.6 3.30123 0.85386 3.93616 1.44855 0.0045513975 0.0039985275
103 274.3 271.3 3.29995 0.85288 3.93874 1.45163 0.0045183275 0.0039679925
104 276.90000000000003 274.0 3.29867 0.8519 3.94131 1.45473 0.00448597 0.003924185
105 279.6 276.8 3.29741 0.85093 3.94387 1.45781 0.004454555 0.0038698549999999997
106 282.2 279.5 3.29615 0.84996 3.94643 1.46094 0.0044240975 0.0038531625
107 284.90000000000003 282.2 3.2949 0.84899 3.94898 1.46404 0.004394505 0.003851795
108 287.6 284.90000000000003 3.29366 0.84803 3.95153 1.46717 0.004365825 0.00383487
109 290.2 287.5 3.29243 0.84707 3.95406 1.47026 0.0043382225 0.0037903975
110 292.90000000000003 290.3 3.2912 0.84611 3.95659 1.47338 0.0043117625 0.0037573224999999997
111 295.5 292.90000000000003 3.28998 0.84516 3.9591 1.47645 0.004286355 0.0037426
112 298.2 295.7 3.28877 0.84421 3.9616 1.47955 0.0042618775 0.00373546
113 301.0 298.5 3.28756 0.84326 3.9641 1.48262 0.0042382925 0.0037102325
114 303.6 301.1 3.28636 0.84231 3.96659 1.48571 0.0042155874999999995 0.00367571
115 306.2 303.90000000000003 3.28516 0.84136 3.96908 1.48875 0.0041936575 0.0036520675
116 308.7 306.7 3.28398 0.84042 3.97155 1.49182 0.0041723025 0.0036406575
117 311.3 309.3 3.28279 0.83948 3.97401 1.49485 0.004151352499999999 0.003628615
118 313.90000000000003 312.1 3.28161 0.83855 3.97646 1.4979 0.0041306775 0.0036043575
119 316.40000000000003 314.8 3.28044 0.83761 3.97891 1.5009 0.0041101524999999995 0.00357907
120 319.0 317.6 3.27927 0.83668 3.98135 1.50392 0.0040895925 0.0035626574999999996
121 321.5 320.2 3.27811 0.83576 3.98379 1.50689 0.00406879 0.00355265
122 324.0 322.90000000000003 3.27695 0.83483 3.98622 1.50989 0.004047575 0.0035387749999999996
123 326.6 325.5 3.27579 0.83391 3.98865 1.51283 0.004025855 0.0035183925
124 329.2 328.2 3.27464 0.83299 3.99106 1.5158 0.004003552499999999 0.00350004
125 331.8 330.8 3.27349 0.83207 3.99346 1.51872 0.0039806225 0.0034877750000000003
126 334.40000000000003 333.5 3.27235 0.83115 3.99585 1.52166 0.0039570824999999995 0.0034776825
127 337.0 336.2 3.27121 0.83024 3.99823 1.52454 0.0039330549999999995 0.00346352
128 339.5 338.90000000000003 3.27008 0.82932 4.00059 1.52745 0.0039087325000000004 0.00344657
129 342.2 341.7 3.26896 0.82841 4.00295 1.5303 0.003884325 0.00343218
130 344.8 344.3 3.26784 0.8275 4.00529 1.53317 0.0038599775 0.00342136
131 347.3 347.0 3.26672 0.8266 4.00763 1.53599 0.0038358075 0.003410355
132 350.0 349.7 3.26561 0.82569 4.00995 1.53884 0.003811885 0.0033962925
133 352.5 352.3 3.26451 0.82479 4.01228 1.54162 0.0037882575 0.0033814375
134 355.1 354.90000000000003 3.26342 0.82389 4.01458 1.54443 0.003764935 0.0033688175
135 357.7 357.5 3.26233 0.82298 4.01687 1.54718 0.003741965 0.0033579175
136 360.40000000000003 360.2 3.26124 0.82209 4.01913 1.54995 0.0037194224999999997 0.0033459575
137 363.0 362.90000000000003 3.26017 0.82119 4.0214 1.55266 0.0036974675 0.00333209
138 365.6 365.5 3.2591 0.82029 4.02365 1.5554 0.0036762575000000002 0.0033184475
139 368.2 368.2 3.25803 0.8194 4.0259 1.55807 0.0036559675 0.0033064475
140 370.8 370.8 3.25697 0.81851 4.02812 1.56078 0.00363676 0.0032950425
141 373.40000000000003 373.40000000000003 3.25592 0.81761 4.03034 1.56342 0.0036187874999999998 0.0032824525
142 376.2 376.1 3.25487 0.81672 4.03252 1.56608 0.0036021275 0.0032688975
143 378.8 378.7 3.25383 0.81584 4.03471 1.56868 0.0035868025 0.0032559225000000002
144 381.5 381.3 3.2528 0.81495 4.03686 1.57131 0.003572715 0.0032440000000000004
145 384.3 383.90000000000003 3.25177 0.81407 4.03901 1.57388 0.0035597224999999997 0.0032319849999999997
146 387.0 386.5 3.25074 0.81319 4.04113 1.57649 0.00354762 0.003218975
147 389.6 389.1 3.24972 0.81231 4.04325 1.57904 0.00353618 0.003205555
148 392.40000000000003 391.6 3.2487 0.81143 4.04533 1.58161 0.0035251125 0.0031927325
149 395.0 394.2 3.24768 0.81055 4.04742 1.58412 0.003514115 0.00318039
150 397.7 396.90000000000003 3.24667 0.80968 4.04946 1.58666 0.0035028375 0.0031676250000000003
151 400.3 399.6 3.24566 0.80881 4.05151 1.58913 0.003490955 0.0031541
152 402.90000000000003 402.5 3.24466 0.80794 4.05352 1.59164 0.0034781624999999997 0.0031405075
153 405.5 405.2 3.24365 0.80707 4.05553 1.59407 0.00346429 0.003127365
154 408.0 407.90000000000003 3.24266 0.80621 4.0575 1.59654 0.003449365 0.00311436
155 410.5 410.5 3.24167 0.80535 4.05949 1.59894 0.003433725 0.0031008625
156 412.90000000000003 412.90000000000003 3.24068 0.80449 4.06143 1.60137 0.00341792 0.00308697
157 415.3 415.40000000000003 3.2397 0.80364 4.06339 1.60373 0.0034025975 0.0030732475
158 417.8 418.0 3.23872 0.80279 4.0653 1.60612 0.0033882325 0.0030599474999999997
159 420.2 420.8 3.23775 0.80195 4.06725 1.60845 0.0033750475 0.003046685
160 422.6 423.2 3.23678 0.8011 4.06916 1.6108 0.00336294 0.0030331225000000002
161 425.0 425.6 3.23582 0.80027 4.07108 1.61308 0.00335162 0.0030211275
162 427.5 428.1 3.23486 0.79943 4.07294 1.6154 0.0033406725 0.00300906
163 430.0 430.7 3.23391 0.7986 4.07483 1.61765 0.0033297075 0.0029936875000000003
164 432.5 433.2 3.23296 0.79778 4.07666 1.61992 0.003318385 0.0029927575
165 434.90000000000003 435.5 3.23201 0.79696 4.07851 1.62213 0.0033065125000000003 0.0029722725
166 437.3 438.0 3.23106 0.79614 4.08032 1.62437 0.003294035 0.002948855
167 439.8 440.40000000000003 3.23012 0.79533 4.08213 1.62654 0.0032811 0.00293874
168 442.3 442.8 3.22918 0.79453 4.0839 1.62874 0.00326795 0.00293859
169 444.8 445.2 3.22825 0.79373 4.08567 1.63087 0.0032548925 0.0029322375
170 447.2 447.7 3.22732 0.79293 4.08741 1.63303 0.0032421625 0.002914595
171 449.6 450.1 3.22639 0.79214 4.08916 1.63513 0.0032299574999999996 0.0028996275
172 452.0 452.40000000000003 3.22547 0.79136 4.09086 1.63725 0.0032183875 0.0028945075
173 454.40000000000003 454.8 3.22454 0.79058 4.09257 1.63931 0.0032075075000000002 0.0028928325
174 456.8 457.1 3.22363 0.7898 4.09425 1.64139 0.00319724 0.002884045
175 459.09999999999997 459.8 3.22271 0.78903 4.09593 1.64341 0.00318744 0.0028702825
176 461.59999999999997 462.2 3.22179 0.78826 4.09757 1.64546 0.0031779025 0.0028607800000000003
177 463.90000000000003 464.50000000000006 3.22088 0.7875 4.0992 1.64744 0.0031684825 0.0028571200000000003
178 466.3 466.90000000000003 3.21997 0.78675 4.10081 1.64945 0.0031590975 0.0028528
179 468.7 469.3 3.21906 0.786 4.10241 1.65139 0.0031497524999999998 0.002842955
180 471.00000000000006 471.59999999999997 3.21815 0.78525 4.10397 1.65336 0.0031404874999999997 0.0028317375
181 473.40000000000003 474.00000000000006 3.21724 0.78451 4.10554 1.65527 0.0031313825 0.0028241675
182 475.8 476.3 3.21633 0.78377 4.10707 1.65722 0.0031225125 0.0028192125
183 478.09999999999997 478.7 3.21542 0.78304 4.10861 1.65909 0.0031139725 0.002812025
184 480.50000000000006 481.09999999999997 3.21451 0.78231 4.11011 1.661 0.0031058375 0.00280154
185 482.90000000000003 483.50000000000006 3.21361 0.78159 4.11162 1.66284 0.003098175 0.00279145
186 485.40000000000003 486.00000000000006 3.2127 0.78087 4.1131 1.66471 0.0030910275 0.002784085
187 487.8 488.40000000000003 3.21179 0.78015 4.11457 1.66651 0.003084445 0.0027774774999999997
188 490.2 490.8 3.21088 0.77944 4.11601 1.66834 0.00307847 0.0027688775
189 492.59999999999997 493.2 3.20997 0.77874 4.11744 1.6701 0.003073165 0.0027589100000000003
190 495.00000000000006 495.59999999999997 3.20906 0.77804 4.11884 1.67189 0.003068575 0.0027509525
191 497.40000000000003 498.00000000000006 3.20815 0.77734 4.12023 1.67361 0.00306478 0.0027436875
192 499.8 500.40000000000003 3.20725 0.77664 4.1216 1.67537 0.0030618349999999997 0.0027366325
193 502.2 502.8 3.20634 0.77595 4.12295 1.67706 0.0030597750000000003 0.00272904
194 504.59999999999997 505.2 3.20543 0.77527 4.12428 1.67878 0.0030584924999999996 0.00272179
195 507.00000000000006 507.59999999999997 3.20452 0.77458 4.1256 1.68043 0.0030576625000000002 0.0027155875
196 509.40000000000003 510.2 3.20362 0.77391 4.12689 1.68211 0.003056605 0.0027114925
197 511.8 512.5999999999999 3.20272 0.77323 4.12817 1.68373 0.0030544699999999997 0.0027049825
198 514.3 515.0999999999999 3.20182 0.77256 4.12942 1.68538 0.0030505675000000003 0.00269727
199 516.9 517.6999999999999 3.20093 0.77189 4.13067 1.68696 0.0030449275 0.002691835
200 519.5 520.1999999999999 3.20005 0.77123 4.13189 1.68857 0.0030383650000000003 0.002688335
201 522.0 522.5999999999999 3.19917 0.77056 4.13309 1.69012 0.00303234 0.0026849225
202 524.5 525.1999999999999 3.19831 0.7699 4.13429 1.69169 0.003028385 0.0026783
203 527.0 527.5999999999999 3.19746 0.76925 4.13548 1.69321 0.00302775 0.0026718525
204 529.5 530.0999999999999 3.19662 0.76859 4.13666 1.69475 0.0030309125 0.00267064
205 532.0 532.8 3.19578 0.76794 4.13784 1.69622 0.0030375575 0.0026645675
206 534.5 535.3 3.19496 0.76729 4.13899 1.69773 0.0030466675 0.0026578300000000003
207 537.0 537.5999999999999 3.19414 0.76664 4.14016 1.69917 0.00305701 0.0026527150000000004
208 539.3 540.0 3.19332 0.766 4.14131 1.70065 0.0030674375 0.0026499975
209 541.6999999999999 542.4 3.19251 0.76535 4.14246 1.70206 0.0030771774999999997 0.0026467425000000003
210 544.0999999999999 544.6999999999999 3.19169 0.76471 4.1436 1.7035 0.0030858275000000004 0.00264375
211 546.5999999999999 547.0999999999999 3.19088 0.76407 4.14472 1.70488 0.003093345 0.0026376750000000003
212 549.0 549.5 3.19007 0.76343 4.14582 1.70628 0.00309963 0.002633955
213 551.4 551.9 3.18925 0.76279 4.1469 1.70763 0.003104005 0.0026329775
214 553.8 554.3 3.18844 0.76215 4.14796 1.709 0.0031050874999999996 0.0026312875
215 556.1999999999999 556.6999999999999 3.18763 0.76152 4.14901 1.71031 0.0031021175 0.0026293600000000003
216 558.5999999999999 559.0 3.18682 0.76088 4.15003 1.71165 0.0030961075 0.0026288375
217 561.0 561.4 3.18602 0.76024 4.15104 1.71293 0.0030892775000000003 0.0026307874999999996
218 563.4 563.8 3.18523 0.75961 4.15203 1.71423 0.0030836199999999996 0.0026285475
219 565.8 566.0999999999999 3.18445 0.75897 4.15302 1.71549 0.0030808375 0.00262702
220 568.1999999999999 568.5 3.18369 0.75834 4.15402 1.71678 0.0030820625 0.0026287150000000002
221 570.5999999999999 570.9 3.18294 0.7577 4.15502 1.71802 0.0030863225 0.0026300050000000004
222 573.0 573.3 3.18221 0.75706 4.156 1.71928 0.003088425 0.0026301174999999997
223 575.4 575.6999999999999 3.18151 0.75642 4.15695 1.72048 0.003081935 0.002629415
224 577.6999999999999 578.0999999999999 3.18083 0.75578 4.15789 1.72171 0.003066245 0.0026292525
225 580.0999999999999 580.5 3.18018 0.75514 4.1588 1.72289 0.003046755 0.0026293725
226 582.5 582.9 3.17955 0.7545 4.15975 1.72408 0.00281202 0.002628605
227 585.0 585.4 3.17892 0.75386 4.16065 1.72522 0.0028626 0.002626425
228 587.5 587.8 3.17829 0.75321 4.16165 1.72639 0.0028881575000000003 0.002623495
229 589.9 590.1999999999999 3.17765 0.75257 4.16263 1.7275 0.002931215 0.0026203425
230 592.3 592.5999999999999 3.17702 0.75192 4.16358 1.72863 0.0028979175 0.00261663
231 594.6999999999999 595.0999999999999 3.17639 0.75127 4.16449 1.72971 0.0028770425 0.0026117
232 597.0999999999999 597.4 3.17575 0.75061 4.16539 1.73081 0.00288186 0.0026055825
233 599.5999999999999 599.8 3.17512 0.74996 4.16628 1.73186 0.0029033175 0.002598805
234 602.0 602.1999999999999 3.17449 0.7493 4.16716 1.73293 0.0029012475 0.0025916525
235 604.4 604.5999999999999 3.17386 0.74865 4.16802 1.73395 0.0028743325 0.0025838425
236 606.8 607.0 3.17322 0.74799 4.16885 1.73499 0.0028578475 0.00257515
237 609.1999999999999 609.4 3.17259 0.74732 4.16966 1.73597 0.0028589775 0.0025658025
238 611.8 611.8 3.17195 0.74666 4.17046 1.73698 0.00286375 0.0025561725000000004
239 614.1999999999999 614.0999999999999 3.17131 0.746 4.17125 1.73793 0.002850465 0.002546325
240 616.5999999999999 616.5999999999999 3.17068 0.74533 4.17202 1.7389 0.0028296000000000003 0.002536825
241 619.0 618.9 3.17004 0.74466 4.17276 1.73982 0.00281854 0.0025261475
242 621.3 621.3 3.1694 0.74399 4.17348 1.74077 0.002817215 0.0025155675
243 623.6999999999999 623.8 3.16875 0.74332 4.17419 1.74165 0.0028124925 0.00250574
244 626.1999999999999 626.1999999999999 3.16811 0.74265 4.17488 1.74257 0.00279623 0.0024965625
245 628.5 628.5 3.16747 0.74198 4.17554 1.74343 0.00277914 0.00248732
246 630.9 630.9 3.16682 0.74131 4.17618 1.74431 0.0027695475 0.0024780375
247 633.3 633.3 3.16618 0.74064 4.17682 1.74514 0.002764265 0.0024693725
248 635.6999999999999 635.6999999999999 3.16553 0.73996 4.17742 1.74599 0.0027542300000000003 0.00246169
249 638.0999999999999 638.0999999999999 3.16488 0.73929 4.17802 1.74679 0.00273871 0.002454625
250 640.5 640.5 3.16423 0.73861 4.1786 1.74762 0.0027253375 0.0024478300000000002
251 642.9 642.9 3.16358 0.73794 4.17916 1.74839 0.0027172274999999997 0.0024415875
252 645.3 645.1999999999999 3.16293 0.73726 4.17971 1.74918 0.0027103 0.0024401625
253 647.5999999999999 647.5999999999999 3.16228 0.73659 4.18024 1.74992 0.002699585 0.0024323500000000002
254 650.0 650.0 3.16162 0.73591 4.18074 1.75068 0.002687035 0.002425245
255 652.4 652.4 3.16097 0.73523 4.18124 1.75139 0.0026774875 0.0024210425
256 654.8 654.8 3.16031 0.73456 4.18171 1.75212 0.0026714475 0.0024200050000000002
257 657.0999999999999 657.0999999999999 3.15966 0.73388 4.18219 1.75282 0.0026653175 0.002417595
258 659.5 659.5 3.159 0.7332 4.18265 1.75352 0.002657075 0.0024162949999999997
259 661.9 661.9 3.15835 0.73252 4.18309 1.75417 0.002649175 0.0024104325000000003
260 664.3 664.3 3.15769 0.73184 4.18353 1.75485 0.0026439849999999997 0.0024033775
261 666.6999999999999 666.6999999999999 3.15703 0.73115 4.18396 1.75548 0.0026404774999999998 0.002403755
262 669.0999999999999 669.0999999999999 3.15637 0.73047 4.18436 1.75612 0.002636085 0.0024045675
263 671.5 671.5 3.15571 0.72978 4.18477 1.75672 0.0026304225 0.0024001125
264 673.8 673.8 3.15505 0.7291 4.18515 1.75734 0.0026251775 0.002395715
265 676.1999999999999 676.1999999999999 3.15439 0.72841 4.18554 1.7579 0.0026210575 0.0023924875
266 678.5999999999999 678.5999999999999 3.15373 0.72772 4.1859 1.75849 0.00261683 0.00239131
267 681.0 681.0 3.15307 0.72703 4.18626 1.75903 0.0026111675 0.0023893675
268 683.3 683.4 3.15241 0.72634 4.1866 1.75959 0.0026044 0.002384855
269 685.8 685.8 3.15174 0.72565 4.18693 1.7601 0.0025976725 0.0023800124999999997
270 688.1999999999999 688.3 3.15108 0.72496 4.18725 1.76064 0.00259116 0.0023758499999999997
271 690.5999999999999 690.8 3.15041 0.72426 4.18756 1.76112 0.002583975 0.0023722699999999997
272 692.9 693.0999999999999 3.14974 0.72357 4.18785 1.76163 0.00257557 0.0023677075
273 695.4 695.5999999999999 3.14907 0.72287 4.18813 1.7621 0.0025666525 0.00236186
274 697.8 698.0 3.14841 0.72217 4.18838 1.76259 0.0025582250000000003 0.0023559049999999997
275 700.0999999999999 700.4 3.14774 0.72147 4.18863 1.76303 0.0025504125000000003 0.0023506075000000004
276 702.5 702.6999999999999 3.14707 0.72077 4.18887 1.76349 0.0025427825 0.00234542
277 704.9 705.1999999999999 3.14641 0.72007 4.18909 1.7639 0.0025356874999999997 0.0023395025
278 707.3 707.5999999999999 3.14575 0.71937 4.1893 1.76434 0.002530395 0.00233308
279 709.6999999999999 709.9 3.14509 0.71867 4.1895 1.76474 0.0025278525 0.0023269975
280 712.0 712.5 3.14443 0.71796 4.1897 1.76516 0.0025279400000000002 0.002321505
281 714.4 714.9 3.14378 0.71726 4.18989 1.76553 0.0025302475000000004 0.002316055
282 716.8 717.3 3.14313 0.71655 4.19008 1.76593 0.002534895 0.0023102825
283 719.1999999999999 719.6999999999999 3.14248 0.71585 4.19027 1.76628 0.002542195 0.00230454
284 721.5999999999999 722.0999999999999 3.14184 0.71514 4.19046 1.76666 0.0025517675 0.002299325
285 723.9 724.5 3.1412 0.71443 4.19065 1.76699 0.0025626825000000003 0.002294565
286 726.3 726.9 3.14057 0.71372 4.19083 1.76734 0.0025742775 0.00228986
287 728.6999999999999 729.3 3.13994 0.71301 4.19101 1.76766 0.0025841875 0.00228518
288 731.0999999999999 731.6999999999999 3.13932 0.7123 4.19117 1.76799 0.0026745925 0.00228121
289 733.4 734.0 3.1387 0.71159 4.19135 1.76829 0.002607385 0.00227845
290 735.8 736.5 3.13807 0.71088 4.19147 1.7686 0.002634285 0.002277675
291 738.1999999999999 738.8 3.13745 0.71016 4.19163 1.76887 0.002575875 0.0022694725
292 740.5 741.0999999999999 3.13684 0.70945 4.19174 1.76917 0.0025823775 0.0022623275
293 742.9 743.5999999999999 3.13622 0.70873 4.19187 1.76943 0.0026027274999999997 0.002259995
294 745.3 746.0999999999999 3.13561 0.70802 4.19199 1.76971 0.00287997 0.0022603425
295 747.6999999999999 748.4 3.13499 0.7073 4.19217 1.76996 0.0025808025 0.00225737
296 750.0999999999999 750.8 3.13437 0.70658 4.19216 1.77022 0.0025357400000000003 0.00225113
297 752.4 753.1999999999999 3.13375 0.70587 4.19223 1.77045 0.00252285 0.0022464750000000004
298 754.8 755.5999999999999 3.13313 0.70515 4.1923 1.77069 0.00259719 0.0022448950000000002
299 757.1999999999999 758.0 3.13251 0.70443 4.1924 1.7709 0.0026491325 0.00224356
300 759.5999999999999 760.5 3.13188 0.70371 4.19247 1.77113 0.0025427575 0.0022394850000000003
301 762.0 762.9 3.13126 0.70299 4.19247 1.77132 0.0025004775000000003 0.0022341500000000003
302 764.4 765.3 3.13064 0.70226 4.19248 1.77153 0.0025134249999999997 0.002230375
303 766.8 767.5999999999999 3.13002 0.70154 4.19252 1.7717 0.0025862425 0.0022279925
304 769.1999999999999 770.0999999999999 3.12939 0.70082 4.19257 1.7719 0.0025721525 0.0022248225
305 771.5999999999999 772.6999999999999 3.12877 0.70009 4.19258 1.77205 0.0025077475 0.0022198250000000004
306 774.0 775.0999999999999 3.12816 0.69937 4.19257 1.77223 0.0024952075 0.0022145725
307 776.3 777.5 3.12754 0.69864 4.19256 1.77237 0.002533925 0.00221037
308 778.6999999999999 780.0999999999999 3.12693 0.69791 4.19257 1.77254 0.0025834674999999996 0.002206585
309 781.0999999999999 782.5 3.12632 0.69718 4.19258 1.77266 0.0025565125 0.002201775
310 783.5 784.9 3.12571 0.69645 4.19256 1.77281 0.002526135 0.0021959149999999997
311 785.9 787.1999999999999 3.12511 0.69572 4.19255 1.77291 0.0025387375 0.00219021
312 788.1999999999999 789.5999999999999 3.12451 0.69499 4.19256 1.77305 0.002587945 0.0021851824999999997
313 790.5999999999999 791.9 3.12392 0.69426 4.19258 1.77314 0.00261106 0.0021800925000000004
314 793.0 794.3 3.12333 0.69353 4.19258 1.77326 0.002586885 0.0021742
315 795.4 796.6999999999999 3.12274 0.6928 4.19256 1.77334 0.002578445 0.002167875
316 797.8 799.0999999999999 3.12216 0.69206 4.19255 1.77345 0.0026062925 0.0021619399999999998
317 800.3 801.5 3.12159 0.69133 4.19254 1.77352 0.0026441 0.00215645
318 802.8 803.9 3.12102 0.6906 4.19254 1.77361 0.0026284075 0.002150815
319 805.1999999999999 806.3 3.12046 0.68986 4.19252 1.77367 0.0027981349999999998 0.002144755
320 807.5999999999999 808.5999999999999 3.1199 0.68913 4.19256 1.77376 0.0026356674999999997 0.0021387325
321 809.9 811.0 3.11935 0.68839 4.19248 1.77381 0.00261503 0.0021331875
322 812.3 813.4 3.11879 0.68766 4.19245 1.77389 0.0026377425 0.0021279725
323 814.6999999999999 815.6999999999999 3.11824 0.68692 4.19242 1.77393 0.00263198 0.0021226725
324 817.0 818.0999999999999 3.11769 0.68618 4.19238 1.774 0.00272646 0.00211728
325 819.4 820.8 3.11714 0.68545 4.19236 1.77403 0.0026292900000000003 0.00211215
326 821.8 823.1999999999999 3.11658 0.68471 4.19229 1.77409 0.002616125 0.00210745
327 824.1999999999999 825.5 3.11603 0.68397 4.19225 1.77411 0.0026160925 0.002102945
328 826.5999999999999 827.9 3.11547 0.68324 4.19219 1.77417 0.0026525875000000003 0.0020984124999999998
329 829.0 830.4 3.11491 0.6825 4.19214 1.77419 0.0026569124999999997 0.002093925
330 831.4 832.8 3.11434 0.68176 4.19207 1.77423 0.002628415 0.0020897000000000003
331 833.8 835.0999999999999 3.11377 0.68103 4.19197 1.77425 0.0026037725 0.0020857275
332 836.1999999999999 837.5 3.1132 0.68029 4.19186 1.77429 0.0026032925 0.0020818125
333 838.5999999999999 839.9 3.11263 0.67955 4.19176 1.7743 0.0026148699999999996 0.0020778425
334 841.0 842.3 3.11205 0.67881 4.19165 1.77435 0.0026038225 0.0020739225
335 843.4 844.5999999999999 3.11147 0.67808 4.19152 1.77435 0.002570815 0.0020701425000000002
336 845.6999999999999 847.0 3.11089 0.67734 4.19137 1.7744 0.002547795 0.0020664475
337 848.0999999999999 849.4 3.11031 0.6766 4.19124 1.7744 0.0025405325 0.0020626999999999998
338 850.5 851.8 3.10973 0.67586 4.19112 1.77444 0.0025346350000000004 0.0020588875
339 852.8 854.1999999999999 3.10915 0.67513 4.19099 1.77445 0.0025096750000000003 0.00205509
340 855.3 856.5999999999999 3.10856 0.67439 4.19084 1.7745 0.0024776474999999997 0.0020513575
341 857.8 859.0 3.10798 0.67365 4.1907 1.7745 0.0024555975 0.0020476275
342 860.1999999999999 861.4 3.10739 0.67291 4.19055 1.77455 0.0024432075000000004 0.0020438450000000003
343 862.5 863.8 3.1068 0.67217 4.19041 1.77456 0.0024267825 0.0020400375
344 865.0 866.1999999999999 3.10622 0.67144 4.19026 1.7746 0.0023984375 0.00203628
345 867.4 868.9 3.10563 0.6707 4.19011 1.77461 0.00237001 0.002032585
346 869.6999999999999 871.3 3.10504 0.66996 4.18995 1.77465 0.0023509449999999997 0.002028925
347 872.0999999999999 873.8 3.10446 0.66922 4.18979 1.77467 0.0023379575 0.00202528
348 874.5999999999999 876.1999999999999 3.10387 0.66849 4.18964 1.77472 0.0023199475 0.0020217025
349 877.0 878.5999999999999 3.10329 0.66775 4.18947 1.77473 0.00229614 0.0020182324999999997
350 879.5 881.0 3.10271 0.66701 4.1893 1.77478 0.0022773050000000003 0.00201487
351 881.9 883.4 3.10213 0.66627 4.18913 1.7748 0.002268335 0.0020115949999999997
352 884.3 885.9 3.10155 0.66553 4.18894 1.77486 0.0022632825 0.00200841
353 886.8 888.3 3.10098 0.6648 4.18875 1.77488 0.0022554375 0.002005345
354 889.1999999999999 890.8 3.1004 0.66406 4.18855 1.77494 0.002248845 0.00200242
355 891.6999999999999 893.1999999999999 3.09984 0.66332 4.18834 1.77497 0.0022454975 0.00199961
356 894.0999999999999 895.5999999999999 3.09927 0.66258 4.18813 1.77504 0.0022541224999999996 0.0019969025000000002
357 896.5 898.0 3.0987 0.66184 4.18791 1.77508 0.0022486700000000004 0.001994295
358 898.9 900.3 3.09813 0.6611 4.18768 1.77515 0.0022593525 0.0019917975
359 901.3 902.5999999999999 3.09756 0.66037 4.18746 1.77519 0.0022049400000000003 0.0019894
360 903.6999999999999 905.0 3.09699 0.65963 4.18722 1.77527 0.0022246875 0.001987085
361 906.0999999999999 907.5 3.09642 0.65889 4.187 1.77533 0.00222085 0.001984825
362 908.5 910.1999999999999 3.09585 0.65815 4.18676 1.77541 0.0022265525 0.0019826225
363 910.9 912.5999999999999 3.09528 0.65741 4.18653 1.77547 0.0022261125000000003 0.0019804675000000002
364 913.1999999999999 915.0 3.09471 0.65667 4.18629 1.77556 0.0022241525000000002 0.0019783525
365 915.5 917.4 3.09413 0.65594 4.18604 1.77563 0.0022744724999999998 0.001976245
366 917.9 919.9 3.09356 0.6552 4.1858 1.77573 0.002219275 0.001974145
367 920.3 922.3 3.09297 0.65446 4.18554 1.7758 0.0022162 0.0019720375
368 922.6999999999999 924.6999999999999 3.09239 0.65372 4.18529 1.77591 0.0022212524999999997 0.001969925
369 925.0999999999999 927.0999999999999 3.09181 0.65298 4.18503 1.77599 0.00224601 0.0019677875
370 927.4 929.5 3.09122 0.65224 4.18478 1.77611 0.0022489475 0.0019656225
371 929.8 932.0 3.09062 0.6515 4.18451 1.7762 0.002230345 0.001963415
372 932.1999999999999 934.4 3.09002 0.65076 4.18423 1.77632 0.0022245925 0.0019611725
373 934.5 936.6999999999999 3.08943 0.65002 4.18395 1.77642 0.0022408874999999997 0.0019588875
374 936.9 939.0999999999999 3.08882 0.64928 4.18368 1.77654 0.002269515 0.00195656
375 939.3 941.5 3.08822 0.64854 4.18341 1.77665 0.0022575125 0.0019541825
376 941.6999999999999 943.9 3.08761 0.64779 4.18312 1.77678 0.0022348249999999997 0.0019517575
377 944.0 946.3 3.08701 0.64705 4.18282 1.77689 0.0022426975 0.00194929
378 946.4 948.6999999999999 3.0864 0.64631 4.18253 1.77704 0.00228755 0.001946785
379 948.8 951.0999999999999 3.08581 0.64557 4.18225 1.77715 0.0023136075 0.0019448
380 951.0999999999999 953.4 3.08521 0.64483 4.18195 1.7773 0.0022934475000000003 0.001942555
381 953.4 955.8 3.08463 0.64408 4.18163 1.77743 0.002290985 0.0019393775
382 955.8 958.0999999999999 3.08405 0.64334 4.18131 1.77759 0.0023322225 0.0019366975
383 958.0999999999999 960.4 3.08348 0.6426 4.181 1.77772 0.0024275975000000003 0.001934345
384 960.4 962.6999999999999 3.08293 0.64185 4.18069 1.77789 0.0024340825000000003 0.001931925
385 962.6999999999999 965.0 3.08238 0.64111 4.18037 1.77803 0.00239244 0.0019286975
386 965.0999999999999 967.5 3.08186 0.64036 4.18003 1.7782 0.002440355 0.0019255899999999998
387 967.5 969.8999999999999 3.08135 0.63962 4.17972 1.77835 0.0024844249999999997 0.0019231525
388 969.8999999999999 972.2 3.08085 0.63887 4.17941 1.77854 0.0026358625 0.001921185
389 972.3 974.5999999999999 3.08038 0.63813 4.17913 1.77869 0.002562895 0.001918725
390 974.7 977.0 3.07992 0.63738 4.17878 1.77888 0.00253187 0.00191511
391 977.0999999999999 979.3999999999999 3.07948 0.63664 4.17846 1.77904 0.002510255 0.0019121174999999998
392 979.5 981.8 3.079 0.63589 4.17817 1.77923 0.0037645825 0.0019098975
393 981.8 984.2 3.07854 0.63515 4.17817 1.7794 0.0025049875 0.00190754
394 984.2 986.5 3.07809 0.6344 4.17756 1.77959 0.002197385 0.0019046325
395 986.5 988.8999999999999 3.07768 0.63365 4.17718 1.77977 0.0022414625 0.0019014775
396 988.8999999999999 991.3999999999999 3.07728 0.63291 4.17688 1.77997 0.0029119475 0.0018988775
397 991.2 993.8 3.07687 0.63216 4.17673 1.78015 0.004449099999999999 0.0018967025
398 993.7 996.2 3.0765 0.63141 4.17681 1.78036 0.002158695 0.00189465
399 996.0999999999999 998.5 3.07613 0.63067 4.17606 1.78054 0.0021660975 0.0018916625
400 998.3999999999999 1000.8999999999999 3.07578 0.62992 4.17585 1.78076 0.0021995575 0.0018888050000000001
401 1000.8 1003.3 3.07542 0.62917 4.17564 1.78094 0.0036872075 0.001886415
402 1003.2 1005.7 3.07506 0.62842 4.17574 1.78116 0.0028970224999999997 0.0018843875000000001
403 1005.5999999999999 1008.0999999999999 3.07468 0.62768 4.17531 1.78135 0.002170975 0.0018822275
404 1008.0999999999999 1010.5 3.07431 0.62693 4.17489 1.78157 0.0021035249999999998 0.0018797275
405 1010.5 1013.0 3.07394 0.62618 4.17465 1.78177 0.0022652899999999997 0.0018771575000000001
406 1013.0 1015.5 3.07358 0.62543 4.17446 1.78199 0.00257638 0.0018751425
407 1015.5999999999999 1017.8 3.07323 0.62468 4.1743 1.78219 0.0022532475 0.0018733825
408 1018.0999999999999 1020.3 3.07288 0.62393 4.17398 1.78242 0.0021280875 0.0018714074999999998
409 1020.5 1022.7 3.07254 0.62319 4.17373 1.78263 0.0020995750000000002 0.001869225
410 1022.8999999999999 1025.1 3.07219 0.62244 4.17349 1.78286 0.00224729 0.0018672625000000001
411 1025.3 1027.6 3.07185 0.62169 4.17331 1.78306 0.0022273275 0.001865635
412 1027.8 1030.0 3.0715 0.62094 4.17308 1.7833 0.002135675 0.0018640675
413 1030.2 1032.3999999999999 3.07114 0.62019 4.17285 1.78351 0.00212327 0.0018623175
414 1032.6 1034.8 3.07079 0.61944 4.17264 1.78374 0.0020778249999999997 0.00186052
415 1035.0 1037.2 3.07044 0.61869 4.17243 1.78396 0.0021299825 0.001858905
416 1037.3999999999999 1039.6 3.07009 0.61794 4.17223 1.78419 0.0021111575 0.001857445
417 1039.8 1042.0 3.06973 0.61719 4.17201 1.78441 0.0021305975 0.0018559325
418 1042.2 1044.3999999999999 3.06937 0.61644 4.17181 1.78464 0.0020446375 0.0018542749999999998
419 1044.6 1046.8 3.06901 0.61569 4.17158 1.78486 0.002044575 0.0018526125
420 1047.0 1049.2 3.06865 0.61493 4.17138 1.7851 0.00202923 0.0018510500000000001
421 1049.3999999999999 1051.6 3.06828 0.61418 4.17117 1.78531 0.002079605 0.00184951
422 1051.7 1053.8999999999999 3.06791 0.61343 4.17098 1.78555 0.002035835 0.001847855
423 1054.1 1056.3 3.06754 0.61268 4.17077 1.78576 0.0020140425 0.001846095
424 1056.3999999999999 1058.7 3.06717 0.61192 4.17055 1.786 0.00196794 0.0018443125
425 1058.8 1061.1 3.0668 0.61117 4.17032 1.78621 0.002006865 0.0018425425
426 1061.2 1063.5 3.06642 0.61042 4.1701 1.78644 0.00202638 0.0018407225
427 1063.6 1065.8999999999999 3.06604 0.60966 4.16987 1.78665 0.0019409525 0.001838775
428 1066.0 1068.2 3.06567 0.60891 4.16962 1.78689 0.0018941650000000002 0.00183673
429 1068.3999999999999 1070.6 3.06529 0.60816 4.16937 1.78709 0.0018989225 0.0018346425
430 1070.8 1073.0 3.06491 0.6074 4.16913 1.78732 0.0019386075000000001 0.0018325175
431 1073.5 1075.3999999999999 3.06453 0.60665 4.16889 1.78753 0.0020215775 0.001830295
432 1075.8 1077.7 3.06415 0.60589 4.16866 1.78776 0.0018775825 0.001827955
433 1078.3 1080.2 3.06377 0.60513 4.16839 1.78796 0.0018470325000000001 0.0018255275
434 1080.7 1082.5 3.06339 0.60438 4.16814 1.78818 0.0018337075000000001 0.0018230475
435 1083.1 1084.8999999999999 3.06302 0.60362 4.16789 1.78838 0.001882105 0.001820505
436 1085.3999999999999 1087.3 3.06264 0.60286 4.16765 1.7886 0.0018907149999999998 0.00181787
437 1087.8999999999999 1089.6 3.06226 0.6021 4.16741 1.78879 0.0018354775 0.0018151425
438 1090.2 1092.0 3.06189 0.60135 4.16715 1.78901 0.0018151425 0.0018123549999999999
439 1092.6 1094.3999999999999 3.06152 0.60059 4.16689 1.78919 0.00183324 0.001809525
440 1095.0 1096.8 3.06115 0.59983 4.16664 1.78941 0.0018684975 0.0018066475
441 1097.3999999999999 1099.2 3.06078 0.59907 4.16639 1.78959 0.0018717525 0.0018037049999999998
442 1099.7 1101.5 3.06042 0.59831 4.16612 1.7898 0.0018521025 0.0018007175
443 1102.1 1104.0 3.06006 0.59755 4.16585 1.78998 0.0018312325 0.0017977050000000001
444 1104.5 1106.3999999999999 3.05971 0.59679 4.16558 1.79018 0.001863005 0.0017946824999999999
445 1106.8999999999999 1108.8999999999999 3.05936 0.59603 4.16531 1.79035 0.001908245 0.00179164
446 1109.3 1111.3 3.05902 0.59527 4.16504 1.79055 0.0019247099999999998 0.0017885800000000001
447 1111.6 1113.7 3.05868 0.59451 4.16477 1.79071 0.0019233499999999999 0.0017855125000000001
448 1114.0 1116.1 3.05834 0.59375 4.1645 1.7909 0.0019436575 0.0017824625
449 1116.3999999999999 1118.5 3.05801 0.59299 4.16422 1.79106 0.0019750975 0.0017794275
450 1118.8 1120.8999999999999 3.05768 0.59223 4.16396 1.79124 0.0020601025 0.001776405
451 1121.2 1123.3 3.05735 0.59147 4.1637 1.7914 0.0020176474999999998 0.0017733974999999999
452 1123.6 1125.7 3.05702 0.59071 4.16341 1.79157 0.0020104725000000003 0.001770425
453 1126.0 1128.1 3.05669 0.58995 4.16315 1.79172 0.00200964 0.0017674875
454 1128.3999999999999 1130.3999999999999 3.05636 0.58919 4.16289 1.79189 0.0020472825000000003 0.0017645925000000001
455 1130.7 1132.8 3.05604 0.58843 4.16264 1.79202 0.0020705075000000002 0.001761735
456 1133.2 1135.2 3.05572 0.58767 4.16239 1.79218 0.00211469 0.0017589275
457 1135.6 1137.5 3.05539 0.5869 4.16214 1.79231 0.0020543775 0.0017561724999999998
458 1138.0 1139.8999999999999 3.05507 0.58614 4.16187 1.79246 0.0020433574999999997 0.00175348
459 1140.3999999999999 1142.3 3.05475 0.58538 4.16161 1.79258 0.00204893 0.0017508475
460 1142.8 1144.6 3.05443 0.58462 4.16136 1.79273 0.0020752225 0.0017482825
461 1145.2 1147.0 3.05411 0.58386 4.16113 1.79284 0.00204552 0.0017457825
462 1147.6 1149.3999999999999 3.05379 0.5831 4.16089 1.79297 0.002009455 0.0017433625
463 1150.0 1151.7 3.05348 0.58234 4.16064 1.79307 0.0020093525 0.0017410175
464 1152.5 1154.1 3.05316 0.58158 4.16039 1.7932 0.0020375825 0.001738755
465 1154.8999999999999 1156.5 3.05285 0.58082 4.16015 1.79329 0.0020394275 0.0017365675
466 1157.3 1159.0 3.05254 0.58005 4.15988 1.79341 0.001999695 0.001734465
467 1159.7 1161.6 3.05223 0.57929 4.15961 1.7935 0.00197514 0.001732445
468 1162.2 1164.2 3.05193 0.57853 4.15936 1.7936 0.0019850125 0.0017305075
469 1164.6 1166.6 3.05163 0.57777 4.15913 1.79368 0.002005935 0.001728645
470 1167.1 1169.2 3.05133 0.57701 4.1589 1.79378 0.0019937475 0.0017268625
471 1169.6 1171.8 3.05104 0.57625 4.15866 1.79385 0.0019673225000000003 0.0017251525000000001
472 1172.0 1174.2 3.05076 0.57549 4.15841 1.79394 0.0019641150000000002 0.0017235175
473 1174.3999999999999 1176.7 3.05048 0.57473 4.15815 1.794 0.00198383 0.0017219425
474 1176.8 1179.1 3.05021 0.57397 4.1579 1.79408 0.0019974625 0.0017204275
475 1179.2 1181.5 3.04994 0.57321 4.15764 1.79413 0.00223083 0.0017189675
476 1181.6 1183.8999999999999 3.04968 0.57245 4.15744 1.79421 0.0020063374999999997 0.001717555
477 1184.0 1186.3 3.04941 0.57169 4.15717 1.79425 0.00189127 0.00171618
478 1186.3999999999999 1188.7 3.04913 0.57093 4.15693 1.79432 0.0018485724999999999 0.0017148425
479 1188.8 1191.1 3.04886 0.57017 4.15669 1.79435 0.0018916475 0.0017135275
480 1191.1 1193.5 3.04858 0.56941 4.15648 1.79441 0.0019818775 0.0017122325000000001
481 1193.5 1195.8 3.04831 0.56865 4.1563 1.79444 0.0018846175 0.0017109475000000002
482 1195.8 1198.2 3.04805 0.56789 4.15611 1.79449 0.0017977975 0.0017096675
483 1198.2 1200.5 3.04778 0.56712 4.15592 1.79452 0.001787865 0.0017083825
484 1200.5 1203.1 3.04752 0.56636 4.15576 1.79456 0.0018473200000000002 0.00170709
485 1202.8999999999999 1205.5 3.04727 0.5656 4.15561 1.79457 0.00187255 0.0017057774999999999
486 1205.2 1208.0 3.04701 0.56484 4.15546 1.79461 0.0018041825 0.0017044425
487 1207.7 1210.3999999999999 3.04677 0.56408 4.15529 1.79462 0.0017732725 0.0017030749999999999
488 1210.0 1212.7 3.04652 0.56332 4.15514 1.79465 0.001798365 0.0017016775
489 1212.3999999999999 1215.1 3.04628 0.56256 4.15502 1.79465 0.0018465275 0.001700235
490 1214.7 1217.5 3.04604 0.5618 4.15492 1.79468 0.0018614999999999999 0.0016987525000000002
491 1217.1 1219.8999999999999 3.0458 0.56104 4.15482 1.79467 0.001822055 0.0016972225000000001
492 1219.5 1222.3 3.04557 0.56027 4.15469 1.79469 0.001812135 0.00169564
493 1221.8999999999999 1224.6 3.04534 0.55951 4.15456 1.79468 0.0018452874999999999 0.0016940075000000001
494 1224.2 1227.0 3.04511 0.55875 4.15445 1.79469 0.0018917225 0.0016923225
495 1226.6 1229.3999999999999 3.04489 0.55799 4.15434 1.79468 0.0019000825 0.0016905825
496 1229.0 1231.8 3.04466 0.55723 4.15422 1.79468 0.0018865449999999999 0.0016887925
497 1231.3 1234.1 3.04444 0.55647 4.15409 1.79466 0.0018955475 0.00168695
498 1233.7 1236.6 3.04422 0.5557 4.15397 1.79466 0.0019474750000000002 0.00168506
499 1236.1 1239.0 3.04399 0.55494 4.15385 1.79463 0.00193224 0.0016831225000000002
