iteration NAG_barzilai-borwein_time_X NAG_barzilai-borwein_time_Y NAG_barzilai-borwein_objective_X NAG_barzilai-borwein_objective_Y NAG_barzilai-borwein_hpwl_X NAG_barzilai-borwein_hpwl_Y NAG_barzilai-borwein_euclidean_norm_X NAG_barzilai-borwein_euclidean_norm_Y
0 16.600000000000023 11.800000000000011 2.26059 1.55928 2.70906 1.77907 0.032925829999999996 0.0683042575
1 23.200000000000017 18.5 2.25823 1.55129 2.70465 1.77633 0.0368161 0.046949002499999996
2 30.100000000000023 25.0 2.25731 1.54387 2.701 1.77303 0.02959794 0.04406325
3 37.0 31.600000000000023 2.25678 1.53888 2.70126 1.77158 0.02020011 0.0445573975
4 43.5 38.20000000000002 2.25635 1.53449 2.69885 1.77032 0.018780717500000002 0.0415872325
5 50.5 44.900000000000006 2.256 1.53059 2.69791 1.76802 0.0180879425 0.0410369825
6 57.5 51.30000000000001 2.25566 1.52704 2.6969 1.76647 0.0176543425 0.0407013725
7 64.80000000000001 58.10000000000002 2.2553 1.5235 2.69612 1.7652 0.01745754 0.04032691
8 71.5 64.70000000000002 2.2548 1.51861 2.69519 1.76348 0.01767747 0.042836935
9 77.70000000000002 71.30000000000001 2.25421 1.51045 2.69447 1.76152 0.0172184325 0.0405787925
10 84.60000000000002 77.70000000000002 2.25364 1.50299 2.69338 1.75842 0.017086427499999998 0.0383805875
11 91.0 84.0 2.2531 1.49633 2.69261 1.75536 0.0169707075 0.03782451
12 97.20000000000002 90.4 2.25254 1.49024 2.69184 1.75298 0.016904699999999998 0.037329302499999995
13 103.60000000000002 96.5 2.25181 1.48412 2.69103 1.75077 0.0173966375 0.038690425
14 110.30000000000001 102.9 2.25099 1.47616 2.69009 1.74841 0.016571370000000002 0.03785238
15 117.69999999999999 108.90000000000003 2.25019 1.46854 2.68919 1.74548 0.016370525 0.035454862499999996
16 124.69999999999999 114.80000000000001 2.24944 1.46146 2.68831 1.74202 0.016231275 0.034827675
17 131.5 121.0 2.24869 1.45484 2.68758 1.73938 0.016204999999999997 0.034331775
18 138.7 127.40000000000003 2.24782 1.44832 2.68668 1.73679 0.0165471425 0.035192419999999995
19 146.10000000000002 133.90000000000003 2.2469 1.44113 2.68604 1.73446 0.01580589 0.034253745
20 152.90000000000003 140.40000000000003 2.24601 1.43413 2.68501 1.73142 0.015586845 0.03264035
21 159.5 146.7 2.24515 1.42748 2.6843 1.72831 0.015438090000000002 0.0320393
22 166.10000000000002 153.10000000000002 2.24429 1.42114 2.68353 1.72553 0.0154656175 0.031639975
23 172.90000000000003 159.5 2.24336 1.41484 2.68282 1.72296 0.01553164 0.0321362375
24 179.40000000000003 166.0 2.24241 1.40835 2.68197 1.72042 0.0149995375 0.031131307499999997
25 185.8 172.8 2.24148 1.40201 2.68124 1.71754 0.0147934325 0.03004975
26 192.5 179.10000000000002 2.24057 1.39591 2.68046 1.71453 0.014655365 0.0295112175
27 199.0 186.0 2.23966 1.39001 2.67982 1.71185 0.014710555 0.029238515
28 205.40000000000003 192.7 2.23871 1.38413 2.67905 1.7092 0.014583615 0.029379919999999997
29 211.5 199.0 2.23775 1.37824 2.67846 1.70668 0.014213265 0.028467727499999998
30 217.60000000000002 205.40000000000003 2.23681 1.37248 2.67763 1.70377 0.014030744999999999 0.027670185
31 223.5 211.5 2.23588 1.3669 2.67704 1.70099 0.013919795 0.027202815
32 229.40000000000003 217.60000000000002 2.23495 1.36145 2.67632 1.69828 0.013949782499999999 0.0270174925
33 235.60000000000002 223.5 2.23399 1.35604 2.67585 1.69574 0.013744555 0.0268716425
34 241.5 229.5 2.23304 1.35068 2.67513 1.69308 0.013475785 0.0260907525
35 247.60000000000002 235.60000000000002 2.2321 1.34544 2.67464 1.69036 0.0133196175 0.0254553275
36 253.5 241.5 2.23116 1.34035 2.67402 1.6876 0.01323908 0.025059237499999998
37 259.3 247.60000000000002 2.23022 1.33536 2.67354 1.68503 0.013213785 0.024889555
38 265.40000000000003 253.5 2.22927 1.33043 2.67292 1.68244 0.013002824999999999 0.0245616125
39 271.3 259.3 2.22832 1.32558 2.67248 1.67988 0.012797995 0.02389666
40 277.1 265.40000000000003 2.22738 1.32084 2.67191 1.67717 0.0126688975 0.023367864999999998
41 283.0 271.3 2.22645 1.31623 2.6715 1.67459 0.0126064575 0.0230320125
42 289.1 277.1 2.22551 1.3117 2.67098 1.67202 0.012531477499999999 0.0228237725
43 295.0 283.0 2.22457 1.30725 2.67061 1.66955 0.0123437325 0.0224078725
44 300.8 289.1 2.22363 1.3029 2.67009 1.66697 0.01218272 0.0218375125
45 306.8 295.0 2.22269 1.29865 2.66971 1.66445 0.0120781225 0.02138921
46 312.8 300.8 2.22176 1.29451 2.66922 1.66191 0.012017664999999999 0.021092945000000002
47 318.6 306.8 2.22083 1.29046 2.66886 1.6595 0.0119149625 0.020830485
48 324.40000000000003 312.8 2.21989 1.28649 2.66836 1.65704 0.011756494999999999 0.020392242499999998
49 330.40000000000003 318.6 2.21896 1.28262 2.66801 1.65463 0.011627430000000001 0.0199021875
50 336.40000000000003 324.40000000000003 2.21803 1.27884 2.66754 1.65217 0.0115413225 0.0195198325
51 342.2 330.40000000000003 2.21711 1.27517 2.66719 1.64982 0.0114738275 0.019242915
52 348.0 336.40000000000003 2.21618 1.27158 2.66672 1.64746 0.0113634825 0.0189410925
53 354.1 342.2 2.21525 1.26808 2.66638 1.64519 0.0112315275 0.018521225000000002
54 360.0 348.0 2.21433 1.26467 2.66593 1.64285 0.011126414999999999 0.018103945
55 365.8 354.1 2.21341 1.26136 2.66562 1.64061 0.0110512425 0.01777655
56 371.7 360.0 2.2125 1.25813 2.6652 1.63837 0.010976385 0.017509075
57 377.7 365.8 2.21158 1.25499 2.66491 1.63622 0.0108701 0.017195665000000002
58 383.59999999999997 371.7 2.21066 1.25194 2.66451 1.63404 0.010760047500000001 0.016818327499999997
59 389.50000000000006 377.7 2.20975 1.24896 2.66422 1.63194 0.010672167500000001 0.01646886
60 395.40000000000003 383.59999999999997 2.20884 1.24608 2.66383 1.62982 0.010602185 0.016187885000000003
61 401.40000000000003 389.40000000000003 2.20793 1.24327 2.66356 1.62781 0.010523705 0.0159318375
62 407.3 395.40000000000003 2.20702 1.24054 2.66319 1.62579 0.010426625 0.0156341725
63 413.09999999999997 401.40000000000003 2.20612 1.23788 2.66294 1.62386 0.01033365 0.0153118275
64 419.09999999999997 407.3 2.20521 1.23531 2.6626 1.62191 0.01025764 0.015025090000000001
65 425.00000000000006 413.09999999999997 2.20431 1.2328 2.66236 1.62005 0.010189805 0.014784672499999998
66 430.90000000000003 419.09999999999997 2.20341 1.23037 2.66203 1.61821 0.010111985 0.014549127500000002
67 436.7 425.00000000000006 2.20251 1.228 2.66181 1.61645 0.01002515 0.0142863925
68 442.8 430.90000000000003 2.20162 1.2257 2.66151 1.61468 0.009945264999999998 0.014022625
69 448.7 436.7 2.20072 1.22347 2.66131 1.613 0.0098769575 0.01379163
70 454.50000000000006 442.8 2.19983 1.2213 2.66103 1.61133 0.0098107375 0.01358835
71 460.40000000000003 448.7 2.19894 1.21919 2.66086 1.60975 0.009736402500000001 0.0133820275
72 466.40000000000003 454.50000000000006 2.19805 1.21714 2.6606 1.60817 0.009659274999999998 0.013163095
73 472.3 460.40000000000003 2.19716 1.21514 2.66047 1.60668 0.009589064999999999 0.0129538725
74 478.09999999999997 466.40000000000003 2.19628 1.21319 2.66025 1.6052 0.00952597 0.012769935
75 484.00000000000006 472.3 2.1954 1.2113 2.66014 1.60381 0.009461830000000001 0.01260049
76 490.00000000000006 478.09999999999997 2.19452 1.20945 2.65995 1.60243 0.009392580000000001 0.0124272575
77 495.8 484.00000000000006 2.19364 1.20766 2.65987 1.60114 0.00932379 0.0122512475
78 501.7 490.00000000000006 2.19276 1.2059 2.6597 1.59986 0.009260820000000001 0.012087507499999999
79 507.7 495.8 2.19189 1.20419 2.65965 1.59867 0.0092015225 0.0119406225
80 513.5999999999999 501.7 2.19101 1.20252 2.65953 1.5975 0.009140347500000002 0.011800482499999999
81 519.4000000000001 507.7 2.19014 1.20089 2.6595 1.59642 0.00907657 0.011658132500000001
82 525.2 513.5999999999999 2.18927 1.19929 2.65941 1.59535 0.00901479 0.0115180225
83 531.2 519.4000000000001 2.18841 1.19773 2.65939 1.59436 0.00895721 0.0113883975
84 537.0999999999999 525.2 2.18754 1.1962 2.65932 1.59339 0.0089012375 0.011268852499999999
85 542.9000000000001 531.2 2.18668 1.19471 2.65931 1.5925 0.00884355 0.011152035
86 548.8 537.0999999999999 2.18582 1.19324 2.65925 1.59163 0.008785142499999999 0.0110347975
87 554.8 542.9000000000001 2.18496 1.1918 2.65925 1.59084 0.00872901 0.0109213225
88 560.7 548.8 2.1841 1.19039 2.6592 1.59007 0.008675705 0.0108154575
89 566.5 554.8 2.18324 1.18901 2.65921 1.58937 0.0086228225 0.010715055
90 572.3 560.7 2.18239 1.18764 2.65916 1.58869 0.0085689125 0.010615824999999999
91 578.4000000000001 566.5 2.18154 1.1863 2.65917 1.58808 0.00851529 0.010517315
92 584.3 572.3 2.18069 1.18498 2.65914 1.5875 0.0084637725 0.010422585
93 590.0999999999999 578.4000000000001 2.17984 1.18369 2.65915 1.58698 0.0084139175 0.0103328975
94 596.0 584.3 2.17899 1.18241 2.65913 1.58648 0.0083640875 0.010246195
95 602.0999999999999 590.0999999999999 2.17815 1.18115 2.65915 1.58604 0.0083138075 0.010160302500000001
96 608.0999999999999 596.0 2.17731 1.1799 2.65913 1.58564 0.00826436 0.010075879999999999
97 614.3 602.4000000000001 2.17647 1.17868 2.65917 1.58528 0.00821652 0.009994732499999999
98 620.4000000000001 608.8 2.17563 1.17747 2.65917 1.58496 0.0081696475 0.0099169975
99 626.4000000000001 615.0999999999999 2.17479 1.17627 2.65922 1.58469 0.0081226775 0.00984112
100 632.5999999999999 621.2 2.17395 1.17509 2.65924 1.58446 0.00807577 0.0097662925
101 638.5999999999999 627.4000000000001 2.17312 1.17392 2.6593 1.58427 0.008029769999999999 0.0096933075
102 644.7 633.5 2.17229 1.17276 2.65934 1.58412 0.0079849625 0.009623105
103 650.8 639.5999999999999 2.17146 1.17161 2.65942 1.58402 0.0079406525 0.0095553275
104 656.7 645.8 2.17063 1.17048 2.65946 1.58394 0.0078963625 0.009489035
105 662.7 651.8 2.16981 1.16936 2.65955 1.58392 0.00785237 0.0094240125
106 668.7 657.8 2.16898 1.16824 2.65961 1.58392 0.007809252500000001 0.009360895
107 674.7 663.7 2.16816 1.16714 2.6597 1.58397 0.007766915 0.0092999875
108 680.7 669.9000000000001 2.16734 1.16605 2.65976 1.58405 0.0077248975 0.0092408475
109 686.5999999999999 675.8 2.16652 1.16496 2.65986 1.58418 0.00768298 0.009182897499999999
110 692.5999999999999 681.8 2.16571 1.16388 2.65993 1.58433 0.0076415175 0.00912617
111 698.5999999999999 687.9000000000001 2.16489 1.16281 2.66003 1.58453 0.007600745 0.0090709725
112 704.5999999999999 693.9000000000001 2.16408 1.16175 2.66011 1.58476 0.007560525 0.009017279999999999
113 710.7 699.9000000000001 2.16327 1.16069 2.66022 1.58503 0.0075205075 0.0089646475
114 716.7 706.0 2.16246 1.15965 2.6603 1.58532 0.0074807175 0.008912742500000001
115 722.8 712.2 2.16165 1.1586 2.66041 1.58566 0.0074413725 0.008861585
116 729.0999999999999 718.2 2.16084 1.15756 2.66049 1.58603 0.0074025975 0.0088112575
117 735.5999999999999 724.4000000000001 2.16004 1.15653 2.6606 1.58644 0.0073641775 0.008761557500000001
118 742.0 730.7 2.15924 1.15551 2.66069 1.58687 0.0073259725 0.008712122499999999
119 748.3 737.2 2.15844 1.15448 2.66081 1.58734 0.0072880275000000005 0.008662739999999999
120 754.2 743.5 2.15764 1.15347 2.6609 1.58783 0.007250522499999999 0.008613402499999999
121 760.3 749.7 2.15684 1.15245 2.66102 1.58837 0.00721343 0.00856405
122 766.3 755.8 2.15605 1.15145 2.66112 1.58892 0.0071766325 0.008514464999999999
123 772.2 761.8 2.15525 1.15044 2.66125 1.58952 0.0071400325 0.0084643875
124 778.2 767.7 2.15446 1.14944 2.66136 1.59013 0.0071037375 0.00841371
125 784.2 773.7 2.15367 1.14845 2.66149 1.59078 0.00706781 0.00836241
126 790.2 779.9000000000001 2.15289 1.14745 2.66161 1.59145 0.0070322250000000005 0.0083104225
127 796.0999999999999 785.7 2.1521 1.14646 2.66175 1.59215 0.006996867499999999 0.008257585000000001
128 802.3 791.5999999999999 2.15132 1.14548 2.66188 1.59287 0.0069617425 0.00820378
129 808.4000000000001 797.5999999999999 2.15054 1.1445 2.66203 1.59363 0.0069269 0.0081489825
130 814.4000000000001 803.8 2.14976 1.14352 2.66217 1.5944 0.0068923924999999995 0.008093232499999999
131 820.5 809.8 2.14898 1.14255 2.66233 1.59521 0.0068581475 0.008036502499999999
132 826.5999999999999 815.9000000000001 2.14821 1.14158 2.66248 1.59603 0.006824127500000001 0.0079787525
133 832.5999999999999 822.0 2.14743 1.14061 2.66265 1.59688 0.00679033 0.007919985
134 838.7 828.0999999999999 2.14666 1.13965 2.6628 1.59774 0.006756817500000001 0.007860285
135 844.8 834.0999999999999 2.14589 1.13869 2.66298 1.59863 0.006723575000000001 0.007799744999999999
136 850.9000000000001 840.2 2.14512 1.13774 2.66314 1.59953 0.006690575 0.007738425
137 856.9000000000001 846.3 2.14436 1.13679 2.66332 1.60046 0.0066577775 0.0076763874999999995
138 863.0 852.3 2.1436 1.13585 2.66349 1.6014 0.006625215 0.0076137474999999994
139 869.2 858.4000000000001 2.14283 1.13491 2.66368 1.60237 0.0065929025 0.00755065
140 875.3 864.5 2.14207 1.13398 2.66386 1.60334 0.0065608375 0.007487245
141 881.3999999999999 870.5999999999999 2.14132 1.13305 2.66405 1.60434 0.00652898 0.007423655
142 887.5 876.7 2.14056 1.13213 2.66423 1.60534 0.0064973324999999995 0.007360015
143 893.5999999999999 882.8 2.13981 1.13122 2.66442 1.60637 0.0064659025000000005 0.00729648
144 899.7 889.0 2.13906 1.13031 2.66461 1.6074 0.0064347125 0.0072332325
145 905.7 895.0999999999999 2.13831 1.1294 2.66482 1.60845 0.006403735 0.007170425
146 911.8 901.2 2.13756 1.12851 2.66501 1.60951 0.0063729625 0.0071081975
147 917.8999999999999 907.3 2.13682 1.12761 2.66522 1.61059 0.0063423875 0.0070466850000000004
148 924.0 913.3999999999999 2.13608 1.12673 2.66543 1.61167 0.0063120325 0.0069860425
149 930.0999999999999 919.3999999999999 2.13534 1.12585 2.66566 1.61278 0.006281885 0.0069264125
150 936.3 925.5 2.1346 1.12498 2.66588 1.61388 0.0062519475 0.0068679075
151 942.3999999999999 931.5999999999999 2.13386 1.12412 2.66612 1.61499 0.0062221975 0.0068106225
152 948.5 937.7 2.13313 1.12326 2.66636 1.61611 0.0061926525000000005 0.0067546525
153 954.5999999999999 943.8 2.1324 1.12241 2.6666 1.61724 0.0061633075 0.0067000775
154 960.7 949.8999999999999 2.13167 1.12157 2.66684 1.61837 0.0061341675 0.0066469675
155 966.8 956.0999999999999 2.13094 1.12074 2.6671 1.61952 0.00610522 0.00659535
156 972.8 962.2 2.13022 1.11991 2.66735 1.62066 0.006076465 0.0065452525
157 978.8999999999999 968.2 2.12949 1.11909 2.66761 1.62182 0.006047902500000001 0.006496682500000001
158 985.0 974.3 2.12877 1.11828 2.66788 1.62297 0.00601954 0.006449635
159 991.0999999999999 980.3999999999999 2.12805 1.11747 2.66815 1.62413 0.00599137 0.0064040875
160 997.0999999999999 986.5 2.12734 1.11667 2.66842 1.62529 0.005963390000000001 0.006359994999999999
161 1003.3999999999999 992.5999999999999 2.12663 1.11588 2.66871 1.62646 0.0059355975 0.0063173025
162 1009.5 998.5999999999999 2.12591 1.11509 2.66899 1.62762 0.005908 0.0062759475
163 1015.5 1004.8 2.12521 1.11432 2.66928 1.6288 0.005880592499999999 0.0062358575
164 1021.7 1010.8999999999999 2.1245 1.11354 2.66957 1.62996 0.0058533775 0.0061969525
165 1027.8 1016.8999999999999 2.12379 1.11278 2.66986 1.63114 0.005826345 0.0061591325
166 1033.8 1023.0999999999999 2.12309 1.11202 2.67016 1.6323 0.0057995025 0.0061223075
167 1039.8999999999999 1029.2 2.12239 1.11127 2.67046 1.63348 0.0057728475 0.006086385
168 1046.1 1035.3 2.1217 1.11052 2.67077 1.63464 0.0057463825 0.0060512675
169 1052.1 1041.3 2.121 1.10978 2.67107 1.63581 0.0057201000000000005 0.006016860000000001
170 1058.2 1047.5 2.12031 1.10905 2.67138 1.63697 0.005694004999999999 0.00598307
171 1064.2 1053.6 2.11962 1.10832 2.6717 1.63814 0.0056680925 0.0059498075
172 1070.3999999999999 1059.7 2.11893 1.1076 2.67201 1.63929 0.005642367499999999 0.0059169975
173 1076.5 1065.8 2.11824 1.10688 2.67233 1.64046 0.005616825000000001 0.0058845650000000005
174 1082.5 1071.8999999999999 2.11756 1.10617 2.67266 1.6416 0.0055914675 0.0058524475
175 1088.6 1078.0 2.11688 1.10546 2.67299 1.64276 0.005566290000000001 0.0058205825
176 1094.7 1084.0 2.1162 1.10476 2.67332 1.64391 0.0055412974999999995 0.005788929999999999
177 1100.8 1090.1 2.11553 1.10406 2.67366 1.64506 0.0055164825 0.0057574525
178 1106.8999999999999 1096.2 2.11485 1.10337 2.67401 1.64619 0.0054918525 0.0057261225
179 1113.1 1102.3 2.11418 1.10269 2.67435 1.64733 0.0054674 0.0056949225
180 1119.1 1108.3999999999999 2.11351 1.10201 2.6747 1.64845 0.0054431275000000005 0.0056638475
181 1125.2 1114.5 2.11284 1.10133 2.67506 1.64959 0.0054190325000000004 0.005632892499999999
182 1131.2 1120.6 2.11218 1.10066 2.67542 1.6507 0.005395117499999999 0.005602075
183 1137.3 1126.7 2.11152 1.09999 2.67578 1.65182 0.005371377500000001 0.005571402499999999
184 1143.3999999999999 1132.8 2.11086 1.09933 2.67615 1.65293 0.005347815 0.0055409050000000005
185 1149.3999999999999 1138.8 2.1102 1.09867 2.67651 1.65404 0.005324427499999999 0.005510605
186 1155.5 1144.8999999999999 2.10955 1.09802 2.67689 1.65513 0.0053012175 0.0054805324999999995
187 1161.6 1150.8999999999999 2.1089 1.09737 2.67727 1.65624 0.0052781825 0.0054507275
188 1167.6 1157.1 2.10825 1.09672 2.67765 1.65732 0.00525532 0.0054212175
189 1173.7 1163.1 2.1076 1.09608 2.67804 1.65841 0.0052326325 0.005392045000000001
190 1179.8 1169.1 2.10695 1.09544 2.67844 1.65948 0.0052101175 0.0053632375000000005
191 1185.8999999999999 1175.2 2.10631 1.09481 2.67883 1.66056 0.0051877775 0.005334835
192 1192.0 1181.3999999999999 2.10567 1.09418 2.67924 1.66162 0.0051656075 0.00530686
193 1198.1 1187.3999999999999 2.10503 1.09356 2.67964 1.66269 0.005143612499999999 0.0052793425
194 1204.2 1193.5 2.1044 1.09294 2.68006 1.66373 0.0051217875 0.0052523025
195 1210.3 1199.6 2.10376 1.09232 2.68047 1.66479 0.0051001325 0.0052257525
196 1216.3999999999999 1205.8 2.10313 1.09171 2.68089 1.66582 0.005078652499999999 0.0051997025
197 1222.5 1211.8 2.1025 1.0911 2.68132 1.66687 0.0050573425 0.0051741575
198 1228.6 1217.8999999999999 2.10188 1.09049 2.68174 1.66789 0.0050362025 0.0051491125000000006
199 1234.6 1224.1 2.10125 1.08989 2.68217 1.66893 0.005015232499999999 0.005124555
200 1240.6 1230.1 2.10063 1.08929 2.6826 1.66994 0.004994435 0.005100469999999999
201 1246.8 1236.1 2.10001 1.0887 2.68304 1.67097 0.0049738049999999995 0.0050768325000000005
202 1252.8999999999999 1242.1 2.09939 1.08811 2.68348 1.67197 0.004953345 0.0050536175
203 1259.0 1248.3 2.09878 1.08752 2.68393 1.67299 0.0049330575 0.005030784999999999
204 1265.0 1254.3999999999999 2.09817 1.08694 2.68437 1.67398 0.0049129375 0.005008297500000001
205 1271.2 1260.3999999999999 2.09756 1.08636 2.68483 1.67499 0.004892985000000001 0.004986115
206 1277.3 1266.6 2.09695 1.08578 2.68528 1.67597 0.004873199999999999 0.004964187500000001
207 1283.3 1272.7 2.09634 1.0852 2.68574 1.67697 0.004853585 0.00494247
208 1289.3999999999999 1278.7 2.09574 1.08463 2.6862 1.67795 0.004834135 0.0049209125
209 1295.5 1284.8 2.09514 1.08407 2.68668 1.67894 0.004814855 0.0048994625
210 1301.5 1290.8999999999999 2.09454 1.0835 2.68715 1.67991 0.004795735 0.0048780725
211 1307.6 1297.0 2.09394 1.08294 2.68763 1.68088 0.0047767825 0.004856695
212 1313.8 1303.0 2.09335 1.08238 2.6881 1.68185 0.0047579925000000006 0.0048352824999999995
213 1319.8999999999999 1309.1 2.09276 1.08182 2.68859 1.68282 0.0047393675 0.004813795
214 1325.8999999999999 1315.3 2.09217 1.08127 2.68907 1.68378 0.0047209 0.0047921924999999995
215 1332.0 1321.3999999999999 2.09158 1.08072 2.68956 1.68474 0.0047025925 0.0047704424999999995
216 1338.1 1327.3999999999999 2.09099 1.08017 2.69005 1.68569 0.0046844425 0.0047485125000000005
217 1344.2 1333.5 2.09041 1.07963 2.69055 1.68665 0.00466645 0.0047263825
218 1350.2 1339.6 2.08983 1.07908 2.69105 1.6876 0.00464861 0.0047040325
219 1356.3 1345.7 2.08925 1.07854 2.69156 1.68855 0.0046309225 0.00468145
220 1362.3999999999999 1351.7 2.08867 1.07801 2.69206 1.68949 0.004613385 0.0046586299999999995
221 1368.3999999999999 1357.8 2.0881 1.07747 2.69258 1.69044 0.004595995 0.004635572500000001
222 1374.5 1363.8999999999999 2.08752 1.07694 2.69309 1.69138 0.0045787525 0.004612285
223 1380.7 1369.8999999999999 2.08695 1.07641 2.69361 1.69233 0.00456165 0.0045887775
224 1386.8 1376.0 2.08638 1.07589 2.69413 1.69326 0.0045446900000000005 0.0045650675
225 1392.8999999999999 1382.2 2.08582 1.07536 2.69466 1.69421 0.0045278675 0.0045411775
226 1399.0 1388.3 2.08525 1.07484 2.69519 1.69514 0.0045111775 0.0045171375
227 1405.1 1394.3 2.08469 1.07433 2.69572 1.69608 0.0044946225 0.004492975000000001
228 1411.2 1400.5 2.08413 1.07381 2.69626 1.69701 0.004478195000000001 0.004468725
229 1417.3 1406.6 2.08357 1.0733 2.6968 1.69795 0.0044618950000000004 0.0044444275
230 1423.3999999999999 1412.7 2.08302 1.07279 2.69734 1.69888 0.004445715 0.0044201175
231 1429.5 1418.8 2.08246 1.07228 2.69789 1.69982 0.00442966 0.00439584
232 1435.6 1424.8999999999999 2.08191 1.07178 2.69844 1.70074 0.0044137199999999994 0.0043716350000000005
233 1441.6 1431.0 2.08136 1.07128 2.69899 1.70168 0.004397895 0.00434754
234 1447.8999999999999 1437.1 2.08081 1.07078 2.69955 1.7026 0.00438218 0.0043235999999999995
235 1453.8999999999999 1443.1 2.08027 1.07028 2.70011 1.70354 0.004366575 0.0042998525000000004
236 1460.2 1449.3 2.07972 1.06979 2.70067 1.70446 0.004351074999999999 0.0042763325
237 1466.3999999999999 1455.3999999999999 2.07918 1.0693 2.70124 1.7054 0.0043356775 0.004253075
238 1472.5 1461.5 2.07864 1.06881 2.70181 1.70632 0.00432038 0.00423011
239 1478.5 1467.6 2.0781 1.06833 2.70238 1.70726 0.0043051825 0.0042074625
240 1484.6 1473.7 2.07756 1.06785 2.70296 1.70819 0.0042900774999999995 0.0041851575
241 1490.6 1479.8 2.07703 1.06737 2.70354 1.70913 0.004275065 0.0041632125
242 1496.8999999999999 1485.8999999999999 2.0765 1.06689 2.70413 1.71006 0.004260145 0.0041416425
243 1503.0 1491.8999999999999 2.07596 1.06642 2.70472 1.711 0.0042453125 0.0041204525
244 1509.1 1498.1 2.07544 1.06595 2.70531 1.71193 0.0042305625 0.0040996525
245 1515.2 1504.2 2.07491 1.06549 2.70591 1.71288 0.004215900000000001 0.0040792400000000005
246 1521.3 1510.5 2.07438 1.06502 2.7065 1.71382 0.0042013175 0.0040592125
247 1527.5 1516.5 2.07386 1.06456 2.70711 1.71477 0.0041868175 0.004039564999999999
248 1533.5 1522.6 2.07334 1.0641 2.70771 1.71571 0.0041723925 0.004020287500000001
249 1539.5 1528.7 2.07282 1.06365 2.70832 1.71666 0.00415805 0.00400137
250 1545.6 1534.8 2.0723 1.0632 2.70892 1.7176 0.004143777499999999 0.0039827975
251 1551.6 1540.8 2.07178 1.06275 2.70953 1.71855 0.004129585 0.0039645575
252 1557.6 1547.0 2.07127 1.0623 2.71014 1.7195 0.004115462499999999 0.0039466375
253 1563.6 1553.1 2.07076 1.06186 2.71076 1.72045 0.0041014125 0.0039290225
254 1569.5 1559.1 2.07025 1.06142 2.71138 1.7214 0.004087435 0.003911700000000001
255 1575.5 1565.0 2.06974 1.06098 2.712 1.72236 0.0040735275 0.0038946575
256 1581.5 1571.0 2.06923 1.06055 2.71262 1.72331 0.0040596899999999995 0.0038778874999999997
257 1587.6 1577.0 2.06872 1.06012 2.71325 1.72427 0.004045922499999999 0.00386138
258 1593.7 1583.0 2.06822 1.05969 2.71388 1.72523 0.0040322199999999996 0.00384513
259 1599.6 1589.0 2.06772 1.05926 2.71451 1.72619 0.00401859 0.00382913
260 1605.6 1595.1 2.06722 1.05884 2.71514 1.72715 0.004005025 0.00381338
261 1611.5 1601.1 2.06672 1.05842 2.71578 1.72812 0.0039915275000000005 0.0037978725
262 1617.7 1607.0 2.06622 1.058 2.71642 1.72908 0.003978095 0.00378261
263 1623.8 1613.0 2.06573 1.05759 2.71707 1.73005 0.0039647325 0.0037675875
264 1629.8999999999999 1619.1 2.06523 1.05718 2.71771 1.73101 0.0039514325 0.0037528025
265 1636.0 1625.2 2.06474 1.05677 2.71836 1.73199 0.0039382 0.0037382575
266 1642.1 1631.3999999999999 2.06425 1.05636 2.71901 1.73295 0.00392503 0.003723945
267 1648.2 1637.6 2.06376 1.05596 2.71966 1.73394 0.003911925 0.0037098675
268 1654.3999999999999 1643.6 2.06328 1.05556 2.72031 1.73491 0.003898885 0.00369602
269 1660.5 1649.7 2.06279 1.05516 2.72097 1.7359 0.00388591 0.0036824024999999997
270 1666.8 1655.8 2.06231 1.05476 2.72163 1.73687 0.003872995 0.00366901
271 1672.8 1662.1 2.06183 1.05437 2.72229 1.73786 0.0038601475 0.0036558475
272 1678.8 1668.2 2.06135 1.05398 2.72295 1.73884 0.00384736 0.0036429125
273 1684.8999999999999 1674.3 2.06087 1.05359 2.72362 1.73983 0.003834635 0.0036301999999999997
274 1691.0 1680.2 2.06039 1.0532 2.72428 1.74082 0.00382197 0.003617715
275 1697.0 1686.3 2.05992 1.05282 2.72495 1.74181 0.0038093675 0.003605455
276 1703.0 1692.3 2.05944 1.05244 2.72562 1.7428 0.0037968225 0.00359342
277 1709.2 1698.3 2.05897 1.05206 2.72629 1.7438 0.0037843399999999998 0.0035816075
278 1715.3 1704.3999999999999 2.0585 1.05168 2.72696 1.74479 0.003771915 0.003570015
279 1721.3 1710.5 2.05803 1.05131 2.72764 1.74579 0.00375955 0.0035586375
280 1727.7 1716.5 2.05756 1.05093 2.72831 1.74679 0.00374724 0.00354747
281 1733.8 1722.5 2.0571 1.05056 2.72899 1.7478 0.0037349875 0.0035365025
282 1739.8999999999999 1728.8 2.05664 1.05019 2.72967 1.74881 0.0037227899999999997 0.003525725
283 1745.8999999999999 1734.8999999999999 2.05617 1.04983 2.73035 1.74982 0.00371065 0.00351513
284 1752.0 1740.8999999999999 2.05571 1.04946 2.73103 1.75083 0.0036985625 0.0035047000000000003
285 1758.1 1746.8999999999999 2.05525 1.0491 2.73172 1.75184 0.00368653 0.0034944225000000002
286 1764.0 1753.0 2.0548 1.04874 2.7324 1.75285 0.0036745475 0.0034842824999999997
287 1770.1 1759.1 2.05434 1.04838 2.73309 1.75387 0.0036626175 0.0034742625
288 1776.1 1765.0 2.05389 1.04802 2.73377 1.75488 0.00365074 0.0034643449999999998
289 1781.8999999999999 1771.3999999999999 2.05343 1.04766 2.73446 1.7559 0.0036389125 0.0034545149999999996
290 1788.0 1777.5 2.05298 1.04731 2.73515 1.75691 0.0036271325 0.00344475
291 1794.2 1783.3999999999999 2.05253 1.04695 2.73584 1.75793 0.0036154025 0.0034350375
292 1800.2 1789.3999999999999 2.05209 1.0466 2.73653 1.75894 0.00360372 0.00342536
293 1806.2 1795.6 2.05164 1.04625 2.73723 1.75997 0.003592085 0.0034156975
294 1812.0 1801.6 2.05119 1.0459 2.73792 1.76098 0.0035804975 0.0034060375
295 1818.3999999999999 1807.6 2.05075 1.04555 2.73862 1.76201 0.003568955 0.0033963649999999997
296 1824.5 1813.5 2.05031 1.04521 2.73931 1.76302 0.0035574575 0.0033866625
297 1830.3999999999999 1819.3999999999999 2.04987 1.04486 2.74002 1.76405 0.003546005 0.0033769225000000003
298 1836.3 1825.3999999999999 2.04943 1.04452 2.74071 1.76507 0.0035345974999999997 0.00336713
299 1842.3 1831.3999999999999 2.04899 1.04417 2.74142 1.7661 0.003523235 0.003357275
300 1848.2 1837.3 2.04856 1.04383 2.74211 1.76711 0.0035119125 0.0033473475000000003
301 1854.0 1843.3 2.04813 1.04349 2.74283 1.76814 0.0035006374999999998 0.003337345
302 1860.0 1849.2 2.04769 1.04315 2.74353 1.76916 0.0034894025 0.0033272575
303 1865.8999999999999 1855.0 2.04726 1.04282 2.74424 1.77019 0.00347821 0.0033170825
304 1871.7 1861.3999999999999 2.04683 1.04248 2.74494 1.77121 0.00346706 0.0033068175000000003
305 1877.5 1867.2 2.0464 1.04215 2.74566 1.77225 0.0034559549999999997 0.003296465
306 1883.5 1873.0 2.04598 1.04181 2.74637 1.77327 0.00344489 0.003286025
307 1889.3999999999999 1878.8999999999999 2.04555 1.04148 2.74709 1.7743 0.0034338700000000003 0.0032755025
308 1895.2 1884.7 2.04513 1.04115 2.7478 1.77532 0.00342289 0.0032649025
309 1901.1000000000001 1890.6 2.04471 1.04082 2.74852 1.77635 0.0034119525 0.0032542300000000003
310 1906.9999999999998 1896.5 2.04429 1.04049 2.74923 1.77737 0.0034010575 0.003243495
311 1912.9999999999998 1902.3999999999999 2.04387 1.04016 2.74995 1.77841 0.0033902075 0.00323271
312 1918.8 1908.3 2.04345 1.03983 2.75066 1.77943 0.0033793975 0.003221885
313 1924.6000000000001 1914.2 2.04304 1.0395 2.75139 1.78046 0.003368635 0.0032110349999999997
314 1930.4999999999998 1920.1000000000001 2.04262 1.03918 2.7521 1.78148 0.0033579125 0.0032001725
315 1936.3999999999999 1925.8999999999999 2.04221 1.03885 2.75283 1.78251 0.0033472375 0.0031893125000000003
316 1942.2 1931.8 2.0418 1.03853 2.75354 1.78353 0.003336605 0.00317847
317 1948.1000000000001 1937.7 2.04139 1.03821 2.75427 1.78456 0.0033260200000000003 0.0031676625
318 1954.1000000000001 1943.4999999999998 2.04098 1.03789 2.75499 1.78558 0.0033154825 0.0031569074999999998
319 1960.3999999999999 1949.6000000000001 2.04057 1.03757 2.75572 1.78661 0.0033049925 0.00314622
320 1966.6000000000001 1955.6000000000001 2.04017 1.03725 2.75644 1.78763 0.0032945500000000003 0.0031356175
321 1972.4999999999998 1961.8999999999999 2.03977 1.03693 2.75717 1.78866 0.0032841625 0.003125115
322 1978.4999999999998 1968.1000000000001 2.03936 1.03661 2.75789 1.78967 0.003273825 0.0031147275
323 1984.3 1973.8999999999999 2.03896 1.0363 2.75863 1.7907 0.0032635424999999997 0.0031044700000000002
324 1990.3 1979.8 2.03856 1.03598 2.75935 1.79171 0.003253315 0.003094355
325 1995.9999999999998 1985.8 2.03817 1.03567 2.76009 1.79273 0.0032431499999999998 0.003084395
326 2001.8999999999999 1991.6000000000001 2.03777 1.03535 2.76082 1.79373 0.0032330450000000004 0.0030746000000000002
327 2007.8 1997.3999999999999 2.03738 1.03504 2.76156 1.79475 0.0032230075 0.0030649799999999997
328 2013.6000000000001 2003.3999999999999 2.03698 1.03473 2.76229 1.79575 0.003213035 0.0030555425000000002
329 2019.3999999999999 2009.2 2.03659 1.03442 2.76303 1.79676 0.0032031375 0.0030462924999999997
330 2025.3999999999999 2014.9999999999998 2.0362 1.03411 2.76376 1.79776 0.0031933125000000004 0.0030372325
331 2031.4999999999998 2020.8 2.03581 1.0338 2.7645 1.79877 0.0031835724999999997 0.0030283675
332 2037.6000000000001 2026.8 2.03543 1.0335 2.76523 1.79976 0.00317391 0.003019695
333 2043.3 2032.9999999999998 2.03504 1.03319 2.76598 1.80076 0.0031643400000000003 0.0030112175
334 2049.2000000000003 2038.9999999999998 2.03466 1.03289 2.76671 1.80175 0.00315486 0.0030029275
335 2055.0 2044.8 2.03427 1.03258 2.76746 1.80274 0.0031454775 0.0029948225
336 2060.7000000000003 2050.6000000000004 2.03389 1.03228 2.76819 1.80372 0.003136195 0.0029868950000000003
337 2066.5 2056.4 2.03351 1.03198 2.76894 1.80471 0.003127015 0.0029791375000000004
338 2072.4 2062.2000000000003 2.03314 1.03168 2.76967 1.80568 0.00311794 0.00297154
339 2078.2000000000003 2067.9 2.03276 1.03137 2.77043 1.80667 0.0031089775 0.002964095
340 2083.9 2073.7000000000003 2.03238 1.03108 2.77116 1.80763 0.0031001225 0.002956785
341 2089.7000000000003 2079.5 2.03201 1.03078 2.77191 1.80861 0.00309138 0.002949605
342 2095.7000000000003 2085.2000000000003 2.03164 1.03048 2.77265 1.80957 0.0030827475 0.00294254
343 2101.5 2091.1000000000004 2.03127 1.03018 2.77341 1.81054 0.0030742275000000003 0.0029355725
344 2107.4 2097.0 2.0309 1.02989 2.77414 1.81149 0.0030658150000000004 0.002928695
345 2113.3 2102.8 2.03053 1.02959 2.7749 1.81245 0.0030575125000000002 0.00292189
346 2119.1000000000004 2108.7000000000003 2.03016 1.0293 2.77564 1.8134 0.0030493075 0.002915145
347 2125.2000000000003 2114.7000000000003 2.0298 1.029 2.7764 1.81435 0.003041205 0.0029084475
348 2131.5 2120.5 2.02944 1.02871 2.77714 1.81528 0.0030331950000000002 0.0029017825
349 2137.7000000000003 2126.6000000000004 2.02907 1.02842 2.7779 1.81623 0.00302527 0.0028951425
350 2143.6000000000004 2133.0 2.02871 1.02813 2.77864 1.81715 0.003017425 0.0028885125
351 2149.6000000000004 2139.2000000000003 2.02835 1.02784 2.7794 1.81809 0.003009655 0.0028818825000000003
352 2155.5 2145.1000000000004 2.028 1.02755 2.78015 1.81901 0.0030019475 0.0028752474999999998
353 2161.3 2151.1000000000004 2.02764 1.02726 2.78091 1.81993 0.0029942975 0.0028685925000000003
354 2167.2000000000003 2156.9 2.02728 1.02697 2.78165 1.82084 0.002986695 0.0028619175
355 2173.4 2162.8 2.02693 1.02668 2.78242 1.82176 0.002979135 0.002855215
356 2179.5 2168.7000000000003 2.02658 1.0264 2.78317 1.82265 0.0029716075 0.0028484775
357 2185.4 2175.2000000000003 2.02623 1.02611 2.78394 1.82356 0.0029641075 0.0028417075
358 2191.7000000000003 2180.9 2.02588 1.02582 2.78469 1.82445 0.00295663 0.0028349
359 2197.7000000000003 2186.9 2.02553 1.02554 2.78546 1.82534 0.0029491675 0.0028280575
360 2203.8 2193.0 2.02518 1.02526 2.78621 1.82622 0.0029417149999999997 0.0028211775
361 2209.9 2199.2000000000003 2.02483 1.02497 2.78698 1.82711 0.0029342725 0.002814265
362 2215.8 2205.2000000000003 2.02449 1.02469 2.78774 1.82797 0.002926835 0.0028073225000000003
363 2222.0 2211.5 2.02414 1.02441 2.78851 1.82885 0.0029194025 0.002800355
364 2228.1000000000004 2217.4 2.0238 1.02413 2.78926 1.8297 0.0029119775 0.002793365
365 2234.4 2223.6000000000004 2.02346 1.02385 2.79004 1.83057 0.00290456 0.0027863600000000003
366 2240.6000000000004 2229.9 2.02312 1.02357 2.79079 1.83141 0.00289715 0.0027793450000000003
367 2246.5 2235.9 2.02278 1.02329 2.79157 1.83227 0.0028897575 0.002772325
368 2252.6000000000004 2242.2000000000003 2.02244 1.02301 2.79232 1.8331 0.00288238 0.002765305
369 2258.5 2248.1000000000004 2.0221 1.02273 2.79309 1.83394 0.00287503 0.002758295
370 2264.4 2254.1000000000004 2.02177 1.02246 2.79384 1.83476 0.0028677075 0.0027512925
371 2270.4 2260.0 2.02143 1.02218 2.79462 1.83559 0.002860425 0.0027443100000000002
372 2276.6000000000004 2265.9 2.0211 1.02191 2.79537 1.83641 0.002853185 0.0027373475
373 2282.6000000000004 2271.9 2.02077 1.02163 2.79615 1.83723 0.002846 0.00273041
374 2288.4 2278.1000000000004 2.02043 1.02136 2.7969 1.83803 0.0028388725 0.0027235000000000002
375 2294.4 2284.0 2.0201 1.02108 2.79768 1.83884 0.002831815 0.00271662
376 2300.3 2289.9 2.01977 1.02081 2.79843 1.83963 0.0028248325 0.0027097725000000002
377 2306.2000000000003 2295.9 2.01945 1.02054 2.79921 1.84043 0.0028179325 0.00270296
378 2312.0 2301.8 2.01912 1.02027 2.79997 1.84121 0.0028111175 0.00269618
379 2318.1000000000004 2307.6000000000004 2.01879 1.02 2.80075 1.842 0.0028044 0.0026894375
380 2324.0 2313.5 2.01847 1.01973 2.8015 1.84278 0.0027977824999999997 0.00268273
381 2329.9 2319.4 2.01814 1.01946 2.80229 1.84356 0.0027912675000000002 0.00267606
382 2335.7000000000003 2325.4 2.01782 1.01919 2.80304 1.84433 0.0027848575 0.002669425
383 2341.7000000000003 2331.2000000000003 2.01749 1.01892 2.80382 1.84511 0.0027785575 0.00266283
384 2347.5 2337.2000000000003 2.01717 1.01865 2.80458 1.84586 0.00277237 0.0026562725
385 2353.4 2343.1000000000004 2.01685 1.01839 2.80536 1.84663 0.0027662925000000002 0.0026497549999999997
386 2359.2000000000003 2349.0 2.01653 1.01812 2.80612 1.84738 0.0027603274999999997 0.00264328
387 2365.1000000000004 2354.8 2.01621 1.01786 2.8069 1.84813 0.0027544749999999997 0.00263685
388 2371.0 2360.7000000000003 2.0159 1.01759 2.80765 1.84887 0.0027487325 0.0026304650000000002
389 2376.8 2366.6000000000004 2.01558 1.01733 2.80843 1.84962 0.0027430975 0.002624135
390 2382.7000000000003 2372.4 2.01526 1.01707 2.80919 1.85035 0.0027375675 0.002617855
391 2388.6000000000004 2378.3 2.01495 1.0168 2.80997 1.85108 0.0027321425 0.0026116375
392 2394.5 2384.3 2.01463 1.01654 2.81072 1.8518 0.0027268175 0.002605485
393 2400.6000000000004 2390.0 2.01432 1.01628 2.8115 1.85253 0.00272159 0.0025994
394 2406.7000000000003 2396.0 2.01401 1.01602 2.81225 1.85324 0.0027164575 0.0025933899999999997
395 2412.6000000000004 2402.3 2.01369 1.01576 2.81303 1.85396 0.0027114175 0.0025874625
396 2418.5 2408.7000000000003 2.01338 1.0155 2.81378 1.85466 0.002706465 0.00258162
397 2424.5 2414.7000000000003 2.01307 1.01524 2.81455 1.85537 0.0027016 0.0025758675
398 2430.4 2420.8 2.01276 1.01498 2.8153 1.85607 0.0026968175 0.0025702150000000003
399 2436.4 2426.8 2.01245 1.01472 2.81608 1.85677 0.00269212 0.0025646650000000003
400 2442.2000000000003 2432.8 2.01215 1.01447 2.81683 1.85746 0.0026875024999999998 0.0025592225
401 2447.9 2438.8 2.01184 1.01421 2.8176 1.85815 0.002682965 0.0025538925
402 2453.8 2444.7000000000003 2.01153 1.01395 2.81835 1.85883 0.002678505 0.00254868
403 2460.9 2450.6000000000004 2.01122 1.0137 2.81912 1.85952 0.0026741250000000003 0.002543585
404 2467.7000000000003 2457.2000000000003 2.01092 1.01344 2.81987 1.86019 0.0026698200000000003 0.002538615
405 2474.2000000000003 2464.2000000000003 2.01061 1.01319 2.82064 1.86086 0.0026655925 0.0025337675000000003
406 2480.4 2470.9 2.01031 1.01293 2.82139 1.86152 0.0026614399999999997 0.0025290474999999997
407 2486.3 2477.4 2.01001 1.01268 2.82216 1.86219 0.0026573574999999997 0.002524455
408 2492.2000000000003 2483.4 2.0097 1.01243 2.82291 1.86285 0.0026533449999999997 0.00251999
409 2498.1000000000004 2489.3 2.0094 1.01217 2.82368 1.86351 0.002649395 0.0025156525
410 2504.2000000000003 2495.2000000000003 2.0091 1.01192 2.82443 1.86415 0.0026454975 0.0025114399999999998
411 2510.1000000000004 2501.4 2.0088 1.01167 2.82519 1.86481 0.0026416425 0.0025073525
412 2516.0 2507.4 2.0085 1.01142 2.82594 1.86545 0.002637815 0.0025033850000000003
413 2521.9 2513.4 2.0082 1.01117 2.82671 1.86609 0.002633995 0.0024995375
414 2527.9 2519.3 2.0079 1.01092 2.82745 1.86672 0.0026301525 0.0024958025
415 2533.8 2525.2000000000003 2.0076 1.01067 2.82822 1.86736 0.0026262599999999996 0.0024921799999999997
416 2539.7000000000003 2531.2000000000003 2.0073 1.01042 2.82896 1.86799 0.0026222750000000003 0.002488665
417 2545.6000000000004 2537.1000000000004 2.007 1.01017 2.82972 1.86862 0.0026181575 0.00248525
418 2551.6000000000004 2543.0 2.00671 1.00992 2.83047 1.86924 0.0026138525 0.0024819300000000002
419 2557.5 2548.9 2.00641 1.00967 2.83123 1.86986 0.002609315 0.0024787025
420 2563.3 2554.9 2.00612 1.00942 2.83197 1.87047 0.00260449 0.0024755600000000003
421 2569.3 2560.7000000000003 2.00582 1.00917 2.83273 1.87109 0.0025993400000000003 0.002472495
422 2575.2000000000003 2566.6000000000004 2.00553 1.00892 2.83347 1.8717 0.0025938249999999997 0.002469505
423 2581.0 2572.6000000000004 2.00524 1.00868 2.83423 1.87231 0.002587935 0.00246658
424 2586.8 2578.4 2.00495 1.00843 2.83497 1.87291 0.00258167 0.0024637175
425 2592.7000000000003 2584.2000000000003 2.00466 1.00818 2.83573 1.87352 0.002575065 0.00246091
426 2598.6000000000004 2590.1000000000004 2.00438 1.00793 2.83646 1.87411 0.0025681725000000002 0.0024581499999999997
427 2604.4 2596.0 2.00409 1.00769 2.83722 1.87471 0.0025610725 0.002455435
428 2610.4 2601.8 2.00381 1.00744 2.83796 1.8753 0.002553855 0.0024527549999999996
429 2616.4 2607.7000000000003 2.00353 1.00719 2.83871 1.8759 0.0025466325 0.00245011
430 2622.4 2613.7000000000003 2.00325 1.00695 2.83944 1.87648 0.0025394975 0.00244749
431 2628.5 2619.7000000000003 2.00297 1.0067 2.8402 1.87708 0.00253231 0.00244489
432 2634.5 2625.8 2.00269 1.00646 2.84093 1.87766 0.002448875 0.00244231
433 2640.3 2631.8 2.00242 1.00621 2.84169 1.87824 0.00244363 0.0024397375
434 2646.2000000000003 2637.7000000000003 2.00214 1.00596 2.84243 1.87882 0.0024646575 0.0024371749999999998
435 2652.1000000000004 2643.6000000000004 2.00187 1.00572 2.84319 1.8794 0.0024942774999999998 0.0024346149999999998
436 2658.0 2649.4 2.00159 1.00547 2.84393 1.87997 0.002458615 0.0024320525000000003
437 2663.9 2655.4 2.00132 1.00523 2.84468 1.88055 0.002427675 0.0024294825000000003
438 2669.7000000000003 2661.3 2.00105 1.00498 2.84542 1.88112 0.0024259725 0.002426905
439 2675.6000000000004 2667.1000000000004 2.00078 1.00474 2.84618 1.8817 0.0024469925 0.0024243100000000003
440 2681.6000000000004 2673.0 2.00051 1.00449 2.84692 1.88226 0.0024489 0.002421695
441 2687.4 2678.9 2.00024 1.00425 2.84767 1.88283 0.002421215 0.0024190550000000003
442 2693.3 2684.8 1.99997 1.004 2.8484 1.8834 0.002404685 0.002416385
443 2699.2000000000003 2690.7000000000003 1.9997 1.00376 2.84915 1.88396 0.0024086325 0.0024136775
444 2705.1000000000004 2696.6000000000004 1.99943 1.00351 2.84989 1.88452 0.002419765 0.0024109275
445 2711.0 2702.5 1.99916 1.00327 2.85063 1.88509 0.0024107625 0.0024081275
446 2716.8 2708.3 1.99889 1.00302 2.85137 1.88564 0.0023914225 0.0024052674999999997
447 2722.7000000000003 2714.2000000000003 1.99863 1.00278 2.85211 1.88621 0.0023833524999999998 0.0024023375
448 2728.6000000000004 2720.0 1.99836 1.00253 2.85284 1.88676 0.0023877875 0.0023993325
449 2734.5 2726.0 1.9981 1.00229 2.85359 1.88732 0.002389965 0.002396235
450 2740.3 2731.9 1.99783 1.00204 2.85432 1.88787 0.0023784925 0.002393035
451 2746.2000000000003 2737.7000000000003 1.99757 1.0018 2.85506 1.88843 0.0023656825 0.00238972
452 2752.3 2743.6000000000004 1.9973 1.00156 2.85579 1.88898 0.0023619475 0.0023862725
453 2758.4 2749.6000000000004 1.99704 1.00131 2.85653 1.88954 0.0023640275 0.0023826775
454 2764.6000000000004 2755.6000000000004 1.99678 1.00107 2.85726 1.89009 0.0023606775 0.00237892
455 2770.7000000000003 2761.8 1.99652 1.00083 2.858 1.89064 0.0023501150000000003 0.0023749825
456 2776.7000000000003 2767.9 1.99626 1.00058 2.85872 1.89119 0.0023416625 0.0023708475
457 2782.6000000000004 2773.9 1.996 1.00034 2.85946 1.89174 0.0023393925 0.002366505
458 2788.4 2779.8 1.99574 1.0001 2.86018 1.89229 0.0023384825 0.002361935
459 2794.4 2785.7000000000003 1.99548 0.99986 2.86092 1.89285 0.0023325425 0.0023571325000000002
460 2800.3 2791.7000000000003 1.99522 0.99962 2.86164 1.89339 0.0023236825 0.0023520875000000003
461 2806.2000000000003 2797.7000000000003 1.99497 0.99938 2.86237 1.89395 0.0023176875 0.0023468
462 2812.1000000000004 2803.6000000000004 1.99471 0.99914 2.8631 1.89449 0.002315185 0.00234128
463 2818.0 2809.4 1.99445 0.9989 2.86383 1.89505 0.0023118325 0.0023355375
464 2824.0 2815.4 1.9942 0.99867 2.86455 1.89559 0.0023050175 0.0023295975000000003
465 2830.3 2821.3 1.99394 0.99843 2.86528 1.89615 0.0022976175 0.0023235
466 2836.5 2827.5 1.99369 0.9982 2.866 1.89669 0.0022926625 0.0023172925
467 2842.5 2833.7000000000003 1.99343 0.99796 2.86673 1.89725 0.0022892075 0.002311035
468 2848.4 2839.7000000000003 1.99318 0.99773 2.86745 1.89779 0.0022842425 0.00230481
469 2854.3 2845.7000000000003 1.99293 0.9975 2.86818 1.89835 0.002277345 0.002298705
470 2860.5 2851.6000000000004 1.99268 0.99728 2.8689 1.89889 0.0022708825 0.0022928225
471 2866.4 2857.6000000000004 1.99243 0.99705 2.86962 1.89945 0.0022660925 0.0022872775
472 2872.4 2863.6000000000004 1.99217 0.99683 2.87034 1.9 0.0022616 0.0022821875
473 2878.3 2869.5 1.99192 0.99661 2.87106 1.90056 0.0022557425000000004 0.0022776800000000002
474 2884.4 2875.6000000000004 1.99167 0.99639 2.87177 1.9011 0.0022490425 0.0022738725
475 2890.4 2881.7000000000003 1.99143 0.99617 2.8725 1.90167 0.0022430724999999998 0.0022708825
476 2896.6000000000004 2887.7000000000003 1.99118 0.99596 2.8732 1.90221 0.0022380399999999997 0.0022688025
477 2902.6000000000004 2893.8 1.99093 0.99574 2.87393 1.90278 0.00223275 0.0022677125
478 2908.8 2899.9 1.99068 0.99553 2.87463 1.90332 0.0022265175 0.0022676625000000003
479 2914.7000000000003 2906.1000000000004 1.99044 0.99533 2.87535 1.90389 0.002220095 0.0022686725
480 2920.6000000000004 2912.1000000000004 1.99019 0.99512 2.87606 1.90444 0.00221434 0.0022707225000000004
481 2926.7000000000003 2918.0 1.98995 0.99492 2.87678 1.90501 0.002209 0.0022737625
482 2932.8 2923.9 1.9897 0.99472 2.87748 1.90556 0.002203255 0.0022776975
483 2938.9 2930.1000000000004 1.98946 0.99453 2.8782 1.90613 0.0021969949999999998 0.0022824025
484 2944.8 2936.2000000000003 1.98921 0.99433 2.8789 1.90668 0.0021908599999999998 0.0022877225
485 2951.0 2942.2000000000003 1.98897 0.99414 2.87961 1.90725 0.0021852125 0.0022887800000000002
486 2957.0 2948.1000000000004 1.98873 0.99395 2.88032 1.90783 0.0021796725000000003 0.0021974075000000004
487 2962.9 2954.2000000000003 1.98849 0.99375 2.88103 1.9084 0.00217379 0.0036283225
488 2968.9 2960.1000000000004 1.98825 0.99355 2.88173 1.90905 0.0021677050000000002 0.0022018475
489 2974.9 2966.3 1.98801 0.99335 2.88245 1.90953 0.0021618550000000003 0.0019977825
490 2981.0 2972.4 1.98777 0.99315 2.88315 1.91007 0.0021563 0.0019825625
491 2987.3 2978.3 1.98753 0.99296 2.88386 1.91064 0.0021507174999999996 0.0025051450000000003
492 2993.4 2984.3 1.98729 0.99277 2.88456 1.91124 0.0021449150000000003 0.0025583425
493 2999.5 2990.5 1.98705 0.99258 2.88528 1.91182 0.0021390975 0.002041045
494 3005.5 2996.6000000000004 1.98681 0.9924 2.88597 1.91237 0.0021335025 0.001891495
495 3011.4 3002.8 1.98658 0.99222 2.88668 1.91296 0.0021280625 0.0019056124999999998
496 3017.4 3008.7000000000003 1.98634 0.99204 2.88738 1.91357 0.00212255 0.00199694
497 3023.4 3014.7000000000003 1.98611 0.99185 2.88809 1.91419 0.002116935 0.0020639425
498 3029.3 3020.8 1.98587 0.99167 2.88878 1.9148 0.0021113875000000003 0.0019222900000000001
499 3035.4 3026.7000000000003 1.98564 0.99149 2.88949 1.9154 0.0021060099999999997 0.0018935925
